    646527    575718
    779850    519385
    698222    442605
    186293    877712
    662420    584899
    187386    888217
    871013    823315
    489416    497656
    861325    814211
    428591    354363
    830802    287738
    683726    680038
    779991    605139
    535605    819063
    650755    235577
    550861    302543
    549780    365782
    548915    378886
    654219    577830
    882757    650313
    670874    733774
    870931    917877
    374424    804053
    795913    248358
    701015    441812
    162144    869253
    903769    687322
    771999    251648
    851361    396579
    528343    214785
    904949    212611
    835508    287532
    433987    853667
    324584    603642
    391373    872402
    421982    351430
    523862    546331
    431873    353597
    478524    870648
    832676    287861
    556993    262713
    529342    214919
    829828    292761
    582559    271293
    391303    558157
    430761    597439
    865238    815364
    592948    847338
    224724    477431
    508365    439800
    431708    314850
    875975    296531
    636487    473503
    833258    191548
    711410    324962
    479064    872291
    429010    353858
    889551    861953
    188935    879184
    718403    292236
    376593    817133
    477631    347988
    824069    628077
    483232    497605
    302964    790131
    679748    683681
    481013    551444
    379237    772705
    815746    711507
    233916    300536
    660143    200270
    584276    346319
    524330    878404
    348807    126548
    527175    213725
    404265    617737
    495258    390885
    568496    305580
    379834    842165
    699069    439606
    528148    213693
    644862    582633
    705013    300167
    211950    889614
    490788    451250
    485673    473120
    684596    684707
    200768    875848
    491025    766850
    651493    573573
    390544    555880
    624966    246691
    680853    681251
    587700    307495
    193364    893016
    668565    580990
    840025    394629
    905216    212286
    165614    864675
    571938    312019
    788529    372924
    666431    582722
    221447    233674
    300691    586745
    593570    150125
    691621    398466
    182235    868767
    482485    421195
    523120    335291
    407856    562373
    462820    484792
    326355    601442
    373174    748706
    486080    495600
    551523    309664
    448987    522551
    662481    593070
    867988    817831
    786678    576364
    303475    741776
    503301    420619
    826651    285791
    776773    571376
    581602    152019
    645472    579550
    642909    574503
    485879    496255
    355667    877560
    498587    215154
    655871    574754
    429253    594905
    446337    759158
    842572    532545
    418046    594337
    483545    498617
    496436    515523
    476642    747799
    784355    530869
    601918    276478
    151688    144071
    432975    591301
    796896    473640
    905351    211183
    655997    580123
    569695    908867
    304733    100598
    759919    658398
    221577    234413
    325336    601056
    513463    171811
    196902    871863
    161208    891911
    296253    777516
    682520    586109
    362939    777039
    865368    294649
    394245    283445
    484624    496801
    364305    322673
    167293    883433
    480962    872074
    325140    602961
    905906    211999
    492586    495441
    585474    908965
    423307    356706
    649623    575752
    791324    273639
    905774    211708
    806023    750559
    400483    554193
    398544    520495
    374521    782569
    233344    300848
    363429    156861
    765680    606738
    864066    631952
    661443    590822
    360656    594089
    674628    577917
    698989    687611
    236748    806224
    521300    442447
    401704    826216
    877814    609690
    695524    440191
    373223    783913
    374925    788455
    806459    332676
    836770    289220
    361033    753770
    486763    494028
    457522    315505
    683013    680685
    368095    863217
    489279    399215
    679687    584550
    224972    873455
    846905    909874
    145370    893702
    498702    402056
    872562    818735
    376010    147285
    618324    292993
    540281    891652
    484630    418462
    901428    404360
    221952    234684
    359110    599917
    762190    661712
    672711    584727
    528847    213965
    174744    862751
    670983    593783
    485963    495965
    569442    265834
    864051    820076
    309521    491097
    662115    243884
    645609    225530
    490918    414336
    870108    277156
    571689    244302
    318418    218159
    402850    823038
    281798    876762
    587700    241513
    623035    305724
    695078    439699
    696799    280838
    885174    404846
    315976    767708
    461609    765556
    905479    211645
    600298    167611
    479022    873843
    414807    818962
    454808    599332
    561171    880943
    605165    339965
    325959    604019
    672998    587680
    172448    864195
    591281    904643
    532823    479122
    905613    213857
    216800    892201
    148217    569976
    763879    660234
    767326    660720
    910191    689944
    571755    298942
    212701    763126
    295042    786555
    664639    581935
    879025    276112
    540537    824333
    294207    480392
    663576    749060
    791202    621206
    148381    570300
    867834    895502
    521045    409249
    753972    596138
    489959    530034
    475062    575169
    535074    860991
    369087    812500
    666547    577928
    483074    560876
    603708    163533
    659437    598321
    521937    421757
    560989    305686
    480463    819602
    426946    595362
    834991    189394
    866975    867584
    584174    579549
    171963    880282
    521177    472171
    140544    735946
    555417    915353
    846484    315899
    202684    886545
    826689    642928
    147764    574883
    879156    287366
    141992    745532
    390077    285014
    905541    630767
    604930    860712
    512040    469303
    827005    233947
    148631    569497
    677506    584844
    366429    546399
    425315    600648
    348941    758325
    629363    695689
    150392    149738
    217511    786207
    340523    274257
    686580    405208
    423316    854757
    369466    754434
    558489    910796
    283102    876858
    429792    309659
    233435    300446
    607204    153180
    901023    627347
    656710    245898
    290126    258366
    153938    145974
    515569    463067
    283120    878518
    701052    308817
    390950    893362
    485939    411796
    901793    420225
    599223    348373
    324231    602775
    862594    818150
    391052    556108
    422854    359312
    864494    815949
    868461    619192
    197268    865577
    520095    323809
    893972    390331
    465795    312787
    722032    300348
    594297    142518
    653632    578645
    324641    603960
    864853    819863
    757454    619057
    838740    292149
    746594    638546
    764659    660497
    774213    313027
    638522    171976
    234152    300609
    181546    325094
    582076    320976
    862323    863536
    391508    873115
    905761    211323
    670561    581226
    699757    441655
    541806    353235
    487369    495355
    642643    577684
    918607    465961
    267581    545971
    558649    325938
    427422    349361
    300090    759894
    649164    583706
    388418    505910
    509013    402913
    680459    591245
    323294    602959
    628478    313931
    671558    589082
    605985    170673
    282929    763162
    870598    274362
    221517    234468
    598654    161792
    528807    215156
    766246    658211
    697195    443515
    268513    467074
    319715     74313
    698212    668436
    279442    344891
    767800    619736
    685680    676783
    628813    209922
    419150    561830
    698018    441839
    499931    204487
    549978    905805
    136699    735272
    396690    286648
    865139    871752
    906389    667579
    674303    587206
    344374    174187
    508750    841275
    390509    556320
    496551    403600
    468733    407997
    316100    711393
    908265    465067
    846005    694962
    428471    839900
    639543    769821
    435310    357734
    603621    686437
    703692    286140
    769350    655633
    488165    769126
    203975    885160
    325162    181333
    325012    604662
    606496    265382
    148420    146763
    699815    309338
    416969    512516
    377455    502664
    607530    281043
    535856    423439
    542351    454258
    665114    582604
    378542     83236
    661429    675310
    454825    800595
    399481    834442
    615777    308115
    478236    873704
    735771    332976
    439217    499847
    718379    333954
    950124    451642
    844338    870508
    709584    315885
    811524    168500
    759659    671366
    587428    282127
    147036    570310
    817972    623874
    606988    148284
    141262    570457
    144423    572421
    583074    323477
    643771    251144
    782181    670901
    318261    199452
    609573    154012
    806647    494458
    817403    681777
    519414    321417
    875367    126290
    484256    498793
    138417    892636
    860009    269838
    845712    218771
    346093    623747
    905033    212888
    657613    575180
    501353    829638
    666283    592507
    639248    759875
    678475    585080
    365945    220035
    615826    289954
    534976    918324
    669699    585356
    890224    129365
    639182    759539
    527786    214489
    224023    816101
    527914    213974
    568478    299899
    866691    384984
    239076    506371
    871937    245526
    497091    579797
    377801    104714
    438605    322817
    293450    214505
    755266    581728
    696063    406992
    529638    335027
    653426    577436
    326741    600746
    898350    611675
    142952    568723
    314154    329325
    758007    655122
    769709    278597
    803122    354990
    602300    143648
    310621    790267
    428652    353551
    593796    312984
    661081    595370
    609084    161455
    862271    149629
    654779    579965
    869895    818376
    412997    504891
    866291    291307
    548007    313846
    480752    871955
    591462    594513
    390699    523122
    903726    211457
    757734    331447
    479781    403218
    587891    589201
    315126    740224
    763978    533494
    906633    212125
    919295    399289
    594923    160855
    398321    285719
    221491    234699
    355549    629941
    841662    319050
    355455    653042
    671766    593686
    326587    605317
    646875    585026
    677352    585913
    353997    801524
    800741    395979
    457667    387545
    202847    812357
    795312    738610
    837669    482596
    898387    286226
    776066    524220
    630631    148123
    553647    353744
    699951    671829
    565559    893234
    648480    210481
    348087    126406
    190895    889049
    750268    757985
    273726    348164
    490164    739585
    875909    910833
    144747    565245
    207535    806717
    390893    557542
    677634    182182
    540664    897184
    408488    769779
    429171    527419
    829821    650257
    143658    569187
    165994    329485
    626806    875543
    871017    158512
    553823    596760
    455940    860493
    660946    203202
    485703    497991
    761744    793347
    325826    603388
    518016    308503
    813663    227561
    663508    590310
    670758    196110
    197952    872431
    564601    312917
    664911    589578
    526914    213117
    696266    440855
    611362    307227
    464484    487190
    437094    593209
    174441    324504
    527278    212948
    581568    292881
    233750    299981
    187611    836029
    850449    388393
    174523    855775
    867718    592498
    431191    360475
    433860    352955
    626100    162251
    666530    590732
    489604    496263
    529811    215133
    761847    663939
    865561    676843
    221386    233905
    503541    389005
    488271    496812
    228417    885045
    634655    757701
    839708    396247
    777393    780378
    649867    578116
    905212    212577
    914672    640843
    396641    283441
    410824    699993
    548145    285747
    889095    465429
    151761    142358
    201419    886113
    493110    450925
    453565    779016
    602371    158915
    485084    498539
    529596    895548
    432270    601391
    551865    376852
    665805    673954
    470406    410584
    507406    474754
    747207    725397
    425308    492753
    490014    312223
    324553    606497
    487549    751466
    642021    181115
    565737    909308
    489897    764443
    647354    578552
    486410    496253
    381907    807690
    683246    407897
    637266    564659
    197814    881211
    454445    777324
    854847    622155
    593259    169466
    486787    493675
    873347    284935
    698158    437314
    367156    856901
    676525    306009
    180458    332404
    181592    894445
    316285    778078
    394579    285616
    452143    607541
    669297    584789
    871527    635076
    670191    581701
    875143    911598
    545592    881382
    810716    608489
    220796    234414
    613119    144957
    924159    396866
    577904    589371
    478890    873500
    339359    794806
    590757    151396
    165405    894928
    423679    831053
    674531    577192
    903949    210735
    905057    212295
    540618    856660
    700141    661558
    851515    398480
    346735    676684
    358570    762299
    715614    244013
    515680    412345
    592816    583609
    766163    661767
    862132    291164
    186250    878583
    702507    259666
    787751    644897
    145902    569391
    651532    573186
    605008    326167
    351777    106391
    401396    537509
    849189    863415
    522020    320719
    233526    300899
    390255    558855
    457240    330754
    798495    564543
    534122    442096
    204385    783773
    707926    282009
    503749    493094
    325839    602127
    144924    567276
    865900    810392
    633836    212263
    867990    817676
    527649    213277
    409639    531974
    630663    304380
    458954    495319
    304769    757506
    527166    214374
    527811    407016
    393571    286171
    305549    767294
    701136    441444
    207505    882158
    607828    171499
    478323    872822
    608295    155351
    389767    557972
    152098    141648
    365087    763279
    764703    664817
    772316    519962
    413905    527147
    593421    270271
    657464    243623
    643991    178232
    193201    779225
    793258    664817
    671033    586943
    869777    288100
    270281    491139
    844868    411849
    396029    284673
    295093    632409
    268500    504472
    596808    351475
    697988    436579
    226332    799260
    525904    213934
    212858    885273
    481449    424641
    483049    494523
    635589    199181
    234648    878223
    290201    780918
    763786    658700
    599664    601593
    647508    577333
    233687    300873
    679743    588475
    390290    557029
    188324    807711
    732302    309178
    524455    373890
    523926    394587
    673391    591519
    486288    498067
    325278    602831
    622269    141179
    456548    495323
    906391    211165
    205606    801523
    646840    574173
    601842    144064
    512256    320295
    514232    442794
    906581    212530
    594925    358964
    765930    664018
    294941    470900
    360457    610985
    848252    879728
    701598    652690
    679958    578960
    895972    406766
    773872    380297
    478312    549457
    388350    699433
    906094    212763
    878899    669074
    575499    304738
    323447    600598
    852578    408292
    325214    606348
    920321    610849
    665535    595827
    673524    586386
    698073    440152
    667010    584105
    688883    700145
    821485    685978
    790824    690142
    349178    542406
    528327    213170
    524791    430713
    636372    753195
    584528    603777
    293945    108316
    330467    148070
    540119    867249
    678808    666075
    433528    513864
    200329    873028
    189638    325589
    575297    907981
    606599    151129
    805395    679741
    851235    268155
    141461    736306
    673270    588149
    632069    338877
    495330    504599
    757832    667967
    420475    831731
    808782    377922
    341465    814676
    391346    558701
    640398    474715
    700816    442133
    606200    331562
    679213    580103
    148902    569282
    305277    299104
    862541    647146
    527900    213505
    365063    819478
    769555    608773
    181850    852484
    484746    495968
    526760    212534
    389670    558673
    644486    218341
    333765    814660
    629937    300632
    510936    402449
    865272    812840
    637475    457673
    158710    876784
    614919    147576
    465058    812823
    557006    299830
    522577    443648
    522937    928747
    587552    310852
    650942    573869
    484440    586567
    501200    322783
    828501    258537
    234157    300863
    658112    565172
    501786    451301
    553168    378774
    323922    602230
    832243    292216
    684021    677159
    477177    807892
    810511    324331
    716261    669849
    544351    204756
    431984    591320
    364355    839607
    275986    802798
    498945    386705
    597108    302647
    372027    763993
    192497    327409
    881089    888009
    612691    375704
    527868    214382
    776064    531308
    674767    587940
    463102    541838
    650078    580718
    425706    352213
    149821    145928
    654596    576594
    874366    913593
    773217    604807
    638488    746194
    819340    650219
    698133    443470
    480820    491573
    486073    497298
    187242    876040
    695614    691263
    784689    191510
    877246    506933
    279723     91403
    830931    165592
    358812    804503
    189989    864910
    432582    351020
    485489    498904
    657941    500686
    324184    602489
    366225    618717
    430053    750342
    486180    496345
    152545    141662
    221531    234676
    510936    901931
    503887    810901
    355223    205740
    822817    902808
    383860    534714
    213793    786831
    447679    319562
    579600    349214
    506119    840355
    480603    760145
    194311    888388
    551515    185648
    570656    266442
    627567    165359
    863972    816691
    284199    517236
    440565    291029
    670218    583000
    394689    292784
    143961    739955
    199375    871436
    846186    281536
    365003    176688
    598996    770172
    725014    286199
    286179    340030
    489343    447361
    525671    934648
    420400    811366
    426720    145098
    674088    586966
    187037    871860
    143945    573465
    172151    840162
    327838    808930
    633529    228259
    424574    597870
    673215    587625
    783763    361386
    222466    790393
    906117    211943
    292559    752099
    516234    255051
    698598    441452
    935854    414374
    581750    307894
    306947    589072
    368647    502231
    736955    292765
    652664    574087
    791032    627989
    163827    883708
    429609    350643
    693828    681112
    373525    163009
    526727    214630
    650423    213400
    714461    281987
    625607    133253
    874589    273474
    699557    296222
    666092    592302
    850653    411128
    362023    814073
    216149    792350
    190888    888774
    865689    814001
    611166    314436
    674000    592110
    760771    660078
    711204    296945
    430398    591847
    847261    272995
    550012    277062
    363619    604030
    820065    305291
    477306    870735
    802625    191202
    427903    357953
    656446    193657
    386406    207195
    551972    856983
    133131    743026
    225135    892735
    650848    575371
    444957    317169
    151094    146680
    491781    410337
    513854    459010
    690563    403254
    472015    781461
    491566    496668
    484709    499020
    933621    499333
    167761    887422
    762459    665482
    555376    329962
    203119    809967
    437638    515909
    503122    545289
    306427    316983
    870574    816837
    184256    332624
    556767    605497
    544002    905605
    414668    512800
    431541    848475
    837787    174737
    361445    755684
    234090    300278
    616033    158371
    685601    404686
    467782    765858
    650667    269200
    427594    852128
    867859    813823
