421 142
486 271
252 104
546 322
312 909
100 501
673 97
714 135
196 963
581 545
526 609
923 245
873 653
923 16
630 666
888 961
308 386
542 324
24 627
700 910
321 325
944 75
159 263
579 620
725 674
683 677
669 513
603 684
515 46
625 443
840 368
24 748
289 228
500 677
789 322
973 897
701 209
379 158
384 502
907 277
227 518
230 35
879 215
870 395
42 738
969 374
532 107
251 94
795 746
352 405
770 164
66 48
351 446
169 469
141 636
492 156
411 231
837 339
116 579
713 569
804 162
102 415
542 916
358 341
248 469
437 634
891 575
247 510
316 115
156 880
109 805
663 159
269 757
186 234
347 862
20 467
722 739
364 536
334 105
721 285
468 859
344 298
505 926
123 824
930 395
668 395
742 344
883 54
29 408
461 590
735 570
513 457
353 239
843 103
490 244
132 536
302 422
834 54
522 462
150 819
296 873
764 978
525 467
855 342
328 596
873 921
446 817
255 54
138 472
391 652
565 768
191 69
294 719
729 876
297 465
715 712
302 314
338 762
966 294
847 868
126 88
585 639
141 891
689 696
188 414
491 186
582 75
838 1
573 484
705 640
182 599
440 894
701 935
350 183
195 309
570 186
35 845
635 581
747 822
938 124
180 940
588 11
890 578
255 67
680 768
900 771
521 186
177 147
130 301
94 378
479 189
272 650
714 766
63 247
808 364
851 1000
104 19
279 545
274 201
917 536
110 507
504 663
829 194
89 384
839 653
144 91
765 667
842 133
668 771
962 952
382 148
767 484
588 253
82 381
1 685
445 204
758 664
610 766
641 79
577 94
348 271
554 376
177 389
672 597
663 777
639 191
363 256
905 310
812 82
776 425
46 320
330 79
712 669
6 921
362 556
293 685
427 914
380 839
540 562
939 79
608 962
666 149
905 431
230 787
161 916
758 906
916 31
945 732
714 82
22 986
953 98
399 744
892 842
350 559
933 614
690 627
160 398
330 92
220 220
490 44
299 513
147 873
250 328
447 613
92 156
601 33
52 757
181 642
721 98
977 24
349 455
872 496
734 791
27 175
899 858
85 116
972 619
779 978
923 434
479 686
548 291
854 334
382 753
965 845
886 286
435 350
388 275
393 619
715 404
751 98
90 352
38 162
693 93
786 55
138 285
487 927
79 873
979 635
146 634
564 393
573 176
867 394
677 270
443 103
608 170
945 987
236 527
934 569
576 861
213 809
953 582
621 109
268 479
328 530
130 811
259 696
59 342
885 155
386 471
391 815
759 982
9 521
408 1
320 117
877 974
812 350
533 935
627 799
527 595
530 866
253 63
571 638
404 232
39 548
510 399
245 882
245 653
147 81
465 885
63 878
283 127
938 287
24 361
865 977
777 864
42 940
133 533
274 243
680 702
293 256
912 5
119 140
807 477
554 68
531 579
715 659
470 74
700 536
189 549
180 766
612 423
670 364
964 582
386 605
224 543
821 533
771 187
344 608
619 547
667 66
880 588
512 192
541 893
873 171
66 371
369 143
262 17
324 895
0 17
869 466
222 847
478 544
92 774
486 139
169 203
293 269
480 361
466 426
760 644
784 772
718 418
454 308
487 256
208 841
469 845
794 413
240 793
694 963
207 616
425 21
848 649
540 267
980 539
658 488
498 270
699 260
33 436
401 603
671 198
960 72
294 211
887 725
646 370
720 319
496 611
852 246
339 627
994 824
292 552
273 273
526 490
433 262
937 24
99 911
424 442
842 201
396 609
336 329
451 316
919 421
561 447
657 155
822 488
352 273
87 793
849 325
761 212
871 609
45 796
702 837
626 24
77 748
455 142
553 448
842 322
993 720
754 209
928 96
129 386
578 212
280 555
944 306
268 989
1 874
682 40
742 91
833 209
394 805
805 376
915 19
306 692
204 681
629 150
923 139
947 496
797 966
647 204
377 343
215 281
509 499
896 679
156 869
608 212
288 796
761 454
40 694
119 987
274 632
141 746
511 279
177 928
447 560
698 142
925 333
765 869
336 692
313 974
509 620
354 746
693 966
908 100
297 212
357 751
491 751
34 512
669 757
956 558
364 646
133 225
823 443
195 874
9 455
718 915
465 698
518 561
793 271
104 692
183 985
799 988
962 228
43 187
342 749
948 330
871 46
132 646
32 708
536 241
962 578
912 986
883 56
468 43
203 297
800 287
10 131
115 184
584 928
854 523
721 408
311 244
416 297
94 246
622 402
135 18
778 124
809 228
981 749
137 64
634 641
391 883
565 770
568 287
518 695
769 277
614 403
755 113
305 816
123 839
267 66
134 934
901 581
409 644
139 783
538 529
500 8
612 478
689 698
928 943
895 766
475 180
716 306
726 994
526 182
355 529
873 226
539 875
635 583
690 24
602 177
103 493
304 483
777 932
505 244
226 829
367 768
897 704
453 956
933 132
253 373
234 131
473 376
593 478
156 440
835 11
964 650
482 610
532 956
447 360
829 196
341 607
668 773
984 713
547 483
175 840
32 266
395 843
16 29
752 592
515 679
934 74
215 912
416 902
686 497
507 266
66 789
685 309
492 897
368 373
244 795
48 920
225 553
794 710
395 735
453 151
752 484
941 908
106 43
608 964
360 633
883 674
258 851
0 327
160 50
662 446
206 166
285 459
412 500
481 105
701 374
682 95
813 844
771 847
169 284
783 672
315 567
977 952
110 872
698 76
751 905
840 425
360 983
449 274
430 32
13 387
806 23
813 736
122 293
466 857
810 438
428 107
689 377
470 747
587 100
661 49
96 48
654 275
12 808
158 633
653 575
695 986
688 44
96 169
146 515
891 632
63 746
301 803
855 157
939 794
698 439
538 221
736 465
851 452
61 821
152 185
754 519
532 406
802 38
456 825
514 803
434 514
164 653
214 16
296 809
475 811
722 917
717 573
87 177
128 178
240 419
367 460
804 461
190 827
515 358
918 334
290 11
437 933
554 57
357 940
603 178
949 586
305 750
828 296
258 409
857 997
934 692
323 538
347 932
772 401
887 351
648 594
689 632
54 121
18 427
749 417
740 826
499 471
702 342
275 763
60 838
996 294
256 255
930 694
85 602
811 248
365 656
664 989
345 943
26 143
36 602
399 425
564 758
600 415
56 22
861 190
723 751
990 866
556 345
538 705
356 728
464 527
741 246
42 245
374 489
162 310
439 884
580 823
676 302
924 138
299 315
206 87
65 148
794 294
395 548
568 705
21 78
463 423
955 885
320 374
177 325
553 316
369 495
792 598
966 485
236 905
597 130
280 423
48 854
189 564
428 846
40 441
35 97
269 35
833 77
124 849
857 205
774 436
839 831
828 901
795 724
726 136
430 74
877 534
538 839
533 495
343 600
18 803
945 668
64 690
540 390
144 390
689 190
410 509
281 624
883 729
602 716
215 41
681 780
160 105
846 847
376 898
557 155
77 750
488 321
355 960
173 983
602 837
728 976
79 567
334 793
948 198
339 871
977 899
91 806
917 619
953 276
856 609
567 506
861 687
231 520
556 842
537 563
38 916
845 450
17 39
289 232
519 694
123 694
701 442
959 966
596 914
668 265
486 517
852 611
125 511
758 158
106 232
400 450
388 332
899 807
147 943
241 578
557 289
529 456
699 867
938 920
726 512
36 65
849 811
142 986
991 931
103 240
829 869
82 117
230 52
667 807
586 882
832 120
350 871
752 97
389 45
950 341
358 466
353 122
807 292
127 533
206 597
803 587
715 703
118 484
319 474
966 56
398 538
468 45
26 895
103 590
425 641
698 278
39 605
744 357
59 291
928 703
292 233
526 171
266 998
594 534
764 982
965 218
731 805
700 472
356 662
268 778
502 716
794 336
736 883
20 713
240 716
185 780
818 464
109 4
721 531
89 254
507 13
140 485
860 582
445 303
684 585
54 418
735 816
642 588
193 267
540 311
481 899
369 200
98 609
263 942
382 139
146 128
180 944
381 439
377 963
807 776
370 21
237 660
158 138
686 486
209 598
765 550
302 789
214 447
76 742
822 532
805 888
934 773
166 901
422 598
945 602
191 436
755 478
636 32
699 88
217 839
740 89
60 101
660 362
813 604
348 504
246 722
741 435
89 509
727 537
864 771
602 771
542 491
406 859
215 96
738 137
913 138
890 945
771 728
205 842
282 271
719 797
815 505
942 317
792 787
914 255
346 966
988 204
262 329
84 966
151 461
712 794
458 618
527 223
833 266
659 379
586 803
185 459
773 666
732 628
704 795
757 392
271 684
641 217
379 446
916 156
697 792
585 322
857 744
48 117
235 172
221 274
451 736
821 269
649 980
215 459
27 408
500 628
765 108
302 118
839 94
934 331
72 595
956 615
661 172
910 913
283 226
880 216
7 816
819 731
10 67
122 308
361 819
70 872
56 708
128 59
909 624
386 583
410 940
551 687
878 816
666 637
834 221
445 934
985 390
169 999
453 529
995 583
222 596
425 467
972 865
884 981
678 647
20 418
417 54
854 809
804 463
658 934
642 401
843 162
344 478
187 760
844 801
500 991
462 470
238 991
283 239
747 868
575 118
487 234
62 765
216 185
914 981
14 953
485 575
891 997
151 958
751 465
907 712
676 291
514 0
385 78
483 650
679 296
923 922
259 942
6 496
620 884
155 296
391 832
637 70
752 57
559 645
769 226
779 648
894 635
490 545
302 494
252 902
429 306
88 242
322 180
762 186
767 301
549 307
279 483
494 142
564 881
946 946
507 81
223 322
118 794
797 823
300 542
200 604
668 938
456 264
198 494
62 899
795 484
511 725
290 497
541 79
183 371
780 361
439 68
398 30
912 251
361 377
270 784
939 125
366 492
457 610
820 433
121 432
317 78
76 918
234 309
373 616
60 156
132 261
175 897
1 744
618 191
31 623
430 894
853 960
636 208
629 20
956 186
648 33
383 782
66 846
190 387
553 210
173 972
960 305
289 100
483 905
192 204
389 489
210 975
650 493
903 673
941 965
259 608
474 38
553 331
988 259
597 374
192 554
154 33
646 495
109 556
274 623
769 602
545 857
746 847
529 95
56 400
804 34
286 862
181 580
728 978
597 495
946 383
822 613
560 613
90 169
860 316
846 152
648 167
966 742
107 981
802 82
745 743
895 44
363 449
485 146
225 973
275 336
748 785
853 47
219 175
635 90
604 511
320 752
58 981
626 270
875 974
730 98
267 862
358 226
803 576
271 981
679 806
109 919
792 158
429 106
486 640
100 870
282 581
287 696
543 622
937 283
694 525
945 107
224 347
253 819
643 974
930 509
835 686
520 116
681 448
805 743
796 694
567 871
202 184
152 363
532 584
628 63
788 52
426 868
94 129
517 232
197 779
255 986
420 299
943 340
282 823
590 710
607 125
507 941
937 754
598 305
529 471
270 476
564 694
108 414
526 173
880 405
756 864
135 22
7 776
626 525
414 871
1 436
895 649
886 829
215 661
655 179
397 409
653 69
252 957
462 538
295 132
718 235
733 772
428 890
662 74
596 474
544 18
315 195
265 374
251 476
738 823
823 113
233 836
83 74
921 944
953 896
541 134
326 1000
210 788
609 305
908 601
815 373
839 767
880 539
336 375
754 134
883 773
43 796
588 367
901 827
483 839
216 724
469 904
395 726
422 829
763 893
835 244
169 383
577 437
659 18
110 971
452 442
820 609
166 85
429 724
666 142
643 424
280 372
189 742
593 603
321 144
830 250
651 773
992 837
193 861
348 506
931 598
399 737
908 843
617 142
378 385
630 606
532 34
387 848
886 266
266 558
739 778
830 142
269 563
527 104
805 85
512 735
345 329
969 422
406 982
579 681
843 727
464 142
20 165
171 563
474 335
314 871
859 671
353 45
685 555
795 915
253 632
662 800
113 329
863 561
81 525
628 923
170 45
144 810
905 908
748 961
10 995
22 66
285 934
911 430
319 289
744 990
76 302
394 877
208 458
380 979
58 928
851 564
703 400
433 576
221 397
553 870
350 807
647 505
642 161
36 122
182 405
27 531
817 687
770 346
140 179
635 158
318 222
139 708
285 8
433 697
534 749
350 928
264 888
944 849
462 580
109 987
935 800
269 939
828 408
405 985
274 236
143 719
210 480
320 123
960 749
738 636
289 544
127 711
949 819
178 713
797 691
522 523
145 536
88 2
167 295
907 822
310 603
277 655
478 416
824 824
607 72
51 83
651 344
890 626
331 891
367 585
866 3
656 459
927 922
523 832
991 183
669 132
719 478
132 947
641 824
355 467
198 483
92 767
293 491
804 478
477 83
978 365
521 126
24 735
963 996
737 653
314 321
46 18
194 899
101 442
548 902
744 548
656 701
348 319
950 653
408 370
58 257
553 199
740 25
611 140
473 206
304 663
944 57
376 539
185 971
884 420
213 252
39 99
154 840
173 853
143 156
611 261
984 772
318 948
258 668
946 251
593 887
657 148
987 777
541 202
128 558
59 724
835 191
869 4
191 843
425 27
633 959
471 897
581 540
980 774
923 240
782 264
226 312
56 160
928 318
74 214
381 859
682 33
81 338
36 861
273 508
139 279
815 562
870 269
708 436
749 208
386 156
671 554
294 338
724 151
662 505
261 161
109 787
930 256
412 330
656 956
744 803
403 510
442 438
631 374
175 94
194 107
262 736
630 903
406 929
233 449
233 220
219 285
912 737
24 46
260 811
180 559
199 572
739 28
133 218
391 513
778 922
465 462
110 234
184 974
43 998
275 567
225 746
51 822
431 814
534 683
782 519
515 404
185 529
325 280
292 103
970 984
908 106
550 398
32 701
916 455
52 121
742 339
186 121
516 521
194 470
758 283
362 54
551 744
446 462
702 388
193 245
408 170
774 227
760 329
113 747
471 226
242 403
882 992
892 219
603 116
811 294
167 229
20 704
400 696
161 185
190 886
615 355
336 940
119 188
769 41
905 868
872 691
311 358
608 581
508 643
907 648
850 114
98 250
643 50
767 345
128 129
606 922
642 350
100 67
64 373
745 1000
996 353
746 407
338 878
921 933
723 460
864 399
117 650
626 756
464 694
474 887
546 9
408 533
353 597
785 291
377 954
967 2
265 484
17 419
958 182
8 599
379 1000
162 19
673 723
459 471
445 307
39 851
285 89
753 194
128 371
981 58
917 531
996 595
961 574
858 890
782 77
776 528
580 653
280 361
817 71
662 197
188 543
269 202
413 890
838 359
936 931
917 423
571 15
237 664
256 677
138 133
322 479
612 955
920 842
51 164
918 769
747 362
972 480
571 136
633 785
366 670
824 87
870 203
195 788
969 182
470 498
112 790
74 269
836 555
762 377
189 744
524 963
206 159
579 670
780 431
632 267
568 777
134 256
526 780
765 796
489 898
914 367
707 37
354 673
743 485
242 203
233 383
598 804
596 731
637 503
282 275
824 329
306 632
672 955
254 213
483 36
52 981
454 732
41 334
163 31
930 432
147 989
472 557
668 203
978 917
375 624
851 553
612 42
739 83
405 732
900 445
98 989
251 36
32 406
390 868
35 640
11 54
337 453
791 394
326 560
111 635
787 689
429 981
386 345
773 791
243 525
382 640
674 748
765 112
453 520
766 751
917 920
805 450
390 171
937 569
529 515
367 453
909 507
587 456
570 812
652 622
540 115
672 42
80 130
98 184
576 977
29 350
158 989
175 404
235 418
166 584
436 179
744 66
224 525
845 872
881 566
430 401
165 884
889 161
149 122
849 991
935 802
360 305
487 117
731 743
280 53
361 944
395 528
56 833
780 110
647 749
716 354
788 459
251 291
354 941
359 53
641 934
618 987
392 415
571 646
865 46
994 685
812 708
435 721
741 239
732 190
406 663
192 182
656 582
568 698
950 534
67 187
260 87
480 356
633 598
273 26
13 890
782 132
880 704
584 413
830 883
694 19
947 236
410 260
14 31
700 773
951 355
982 459
612 660
87 775
665 486
959 475
422 536
114 383
969 934
298 729
530 69
991 427
958 250
268 32
686 545
939 8
336 432
983 14
107 609
745 142
387 434
827 935
509 131
610 708
343 593
7 378
224 901
945 432
70 434
925 194
634 18
534 80
694 32
859 365
69 209
57 909
115 850
416 24
717 955
51 340
44 152
18 917
357 383
362 727
367 842
425 258
227 273
650 376
39 222
218 453
80 748
23 214
671 435
504 29
495 209
794 771
183 617
508 148
582 851
816 35
256 866
727 717
923 363
978 33
354 620
724 153
467 497
717 379
273 631
441 215
950 92
129 623
485 258
332 982
588 908
407 338
491 975
885 902
706 671
2 289
81 582
494 980
394 813
552 167
581 905
827 143
3 928
856 844
359 563
661 110
303 402
256 290
335 583
13 569
853 280
641 626
999 105
472 854
673 578
957 108
139 644
956 903
400 685
391 636
647 333
374 403
30 593
324 582
81 824
337 521
392 228
249 408
579 54
278 880
101 15
871 162
771 224
298 529
568 161
19 885
177 239
545 406
233 814
830 804
622 397
374 524
448 244
866 757
392 578
879 696
299 121
409 518
155 113
839 745
145 593
556 164
599 763
831 103
125 880
111 716
9 934
83 883
774 471
886 712
27 722
980 576
842 117
761 946
453 830
33 244
974 7
217 590
387 476
795 301
877 340
693 519
10 489
607 250
338 62
940 396
799 420
969 868
86 255
609 296
862 476
741 186
388 593
295 365
873 342
539 991
842 9
35 963
470 137
43 558
464 588
813 705
772 704
785 643
73 437
257 258
907 74
766 135
425 71
361 315
344 671
655 533
182 838
994 753
488 127
595 253
177 494
185 89
641 894
214 561
979 364
944 114
577 320
348 497
384 191
91 841
67 255
559 717
669 323
792 659
737 723
88 314
561 497
726 76
973 936
790 963
77 798
409 76
595 495
8 964
264 624
369 677
663 895
503 906
80 574
286 908
231 218
424 384
721 82
198 795
575 782
996 21
46 438
858 316
123 392
682 90
871 780
64 980
915 69
411 41
328 272
369 798
713 608
601 138
997 138
873 597
0 443
19 456
844 310
238 500
539 428
926 608
950 965
81 516
645 329
342 328
39 519
177 749
106 280
865 369
997 488
448 983
933 503
979 848
358 272
836 799
13 274
11 164
711 804
492 208
700 386
404 95
956 837
433 796
703 391
383 975
629 213
436 47
997 380
818 149
592 560
762 971
793 321
123 755
962 507
184 213
332 111
865 840
392 162
254 457
73 116
102 817
914 732
740 579
960 848
715 522
696 280
30 419
420 345
924 107
26 714
134 513
466 986
307 175
694 584
465 761
735 622
769 206
597 917
344 471
848 270
192 868
734 922
541 756
704 225
365 530
179 111
676 163
535 978
695 176
356 710
144 827
18 422
350 932
749 412
871 109
499 466
399 528
834 456
858 584
806 394
517 291
57 535
52 191
781 566
390 186
188 466
950 523
972 282
143 723
36 597
494 14
476 869
746 464
140 425
272 581
332 595
134 876
34 938
514 343
473 305
576 992
414 930
832 652
202 256
747 56
384 4
568 579
370 69
537 1000
347 122
335 785
759 295
644 79
186 433
915 808
208 946
175 769
249 718
323 667
106 669
147 670
763 939
18 785
284 941
708 185
512 310
391 249
680 123
630 531
98 670
798 115
593 649
244 495
706 297
615 667
174 665
329 310
618 184
752 413
174 436
688 886
298 731
75 659
624 901
204 315
825 891
792 714
102 267
597 246
640 845
60 270
748 644
101 796
25 20
352 149
104 84
501 952
1000 370
292 778
810 475
908 781
283 958
195 845
603 670
267 721
523 152
261 152
698 944
918 947
403 501
945 555
119 742
819 187
210 860
750 316
135 686
386 268
620 206
583 553
280 552
104 555
536 212
622 23
420 37
62 329
58 853
172 460
540 627
717 260
765 974
56 514
658 848
455 31
997 314
570 735
602 953
817 612
757 332
872 319
219 168
945 797
86 807
650 620
115 47
719 979
925 559
567 851
713 676
214 992
78 165
224 219
900 502
578 451
366 43
173 402
649 102
255 737
828 104
366 982
906 438
171 743
639 848
413 276
927 497
784 677
440 638
789 792
302 408
438 40
431 818
940 961
467 512
828 225
594 58
991 926
56 877
259 748
861 816
157 700
336 931
729 862
949 865
646 864
30 595
704 51
764 856
777 795
111 705
706 97
59 286
427 416
759 926
740 647
41 646
168 421
932 588
627 972
815 3
732 5
902 682
217 579
253 7
882 178
188 292
274 66
857 121
726 870
55 665
75 122
830 927
61 187
412 939
761 827
38 469
341 241
948 690
423 539
548 948
419 834
81 21
559 814
683 126
908 473
622 870
118 842
585 988
308 185
24 426
734 293
431 255
45 714
35 26
325 768
631 57
8 603
619 491
517 709
938 473
998 524
695 486
178 196
697 532
499 547
414 180
209 714
345 80
484 653
842 132
561 607
537 21
146 365
743 126
808 484
293 792
614 655
824 199
309 19
796 366
152 35
666 256
597 422
291 904
929 895
767 833
146 257
175 958
500 489
431 618
725 836
301 545
311 967
824 320
925 372
961 820
214 805
23 42
234 491
537 263
941 87
896 610
285 685
235 864
849 498
398 333
482 741
764 427
614 897
53 564
903 734
834 900
125 440
713 610
198 918
573 41
740 218
944 479
266 564
197 693
720 505
453 390
73 923
379 212
538 205
829 677
502 511
925 385
818 259
116 741
978 211
947 898
730 146
666 390
894 25
999 41
849 511
971 208
238 623
250 448
136 575
920 391
958 683
773 903
535 28
394 52
191 218
977 144
996 157
467 567
104 515
40 988
282 521
953 460
452 932
483 282
551 911
446 629
721 568
279 223
229 631
688 391
862 278
592 683
248 873
297 277
830 740
388 395
759 42
577 819
704 106
301 921
199 873
507 760
518 626
380 396
927 794
583 984
977 157
96 408
886 527
798 680
178 935
99 413
873 36
742 748
728 584
506 242
34 927
528 1
533 345
767 283
636 995
501 578
625 873
31 134
641 817
402 306
627 919
219 828
88 116
181 307
962 643
222 833
640 592
98 309
492 465
598 366
648 712
799 356
783 348
292 296
11 542
814 866
451 60
960 166
759 176
442 994
899 415
534 997
274 363
296 122
105 591
907 10
895 710
554 417
996 533
292 417
347 353
283 597
999 538
80 497
195 484
797 818
0 245
76 792
673 782
910 466
208 948
337 833
744 662
902 53
312 776
399 664
397 820
839 936
273 259
796 300
144 145
952 813
897 877
135 325
737 659
861 429
243 87
778 431
776 587
437 138
459 651
598 729
885 530
409 12
77 505
512 433
952 934
792 716
85 854
98 793
729 367
192 428
216 785
887 724
178 264
761 319
962 80
788 947
871 487
609 487
922 947
856 593
106 95
567 490
116 554
768 251
929 842
674 552
963 426
285 740
935 593
785 834
563 721
398 159
12 847
991 673
934 139
89 801
689 308
647 311
950 83
845 555
597 490
492 962
982 826
901 901
183 621
236 218
115 157
736 275
757 563
490 219
579 971
80 55
159 385
420 160
199 457
639 958
245 802
73 52
513 324
941 276
633 160
779 214
552 989
90 406
169 699
198 168
898 845
645 628
607 107
111 694
235 235
185 643
553 810
56 758
69 697
738 563
211 817
123 933
720 923
541 692
257 933
899 925
258 340
516 864
748 204
650 864
423 407
951 38
290 292
390 1
37 637
240 471
582 171
898 148
265 235
810 35
316 466
930 625
176 163
200 520
952 155
442 807
516 756
920 580
426 45
617 579
796 810
495 818
352 998
809 456
24 415
208 761
103 479
34 874
693 281
555 51
896 115
82 356
395 587
818 690
63 114
841 408
68 192
559 695
74 946
719 418
856 164
641 993
228 595
971 639
429 356
859 169
324 828
687 880
236 715
795 413
588 120
483 592
450 415
670 418
4 594
926 115
289 955
750 118
154 538
6 788
942 998
12 310
535 351
53 311
488 239
457 431
938 475
935 406
123 262
310 88
163 600
653 427
909 124
957 838
229 136
542 367
745 201
234 251
533 776
183 663
627 182
491 550
665 437
885 706
119 907
279 896
756 67
134 249
977 709
175 21
719 673
278 671
395 24
894 940
906 11
237 670
825 840
892 601
565 206
396 434
858 199
25 198
32 386
395 963
598 797
16 378
272 75
769 881
7 329
843 601
497 193
581 601
94 971
741 553
510 132
400 260
997 250
947 658
432 212
726 430
979 610
616 558
228 153
517 27
546 499
637 846
339 923
934 315
755 838
824 443
619 977
672 840
364 687
914 602
96 384
831 604
696 379
173 338
973 953
897 140
329 851
618 725
370 623
893 664
464 29
887 95
400 502
479 795
484 910
716 213
578 508
564 381
528 687
99 281
489 207
902 376
401 94
547 148
772 266
675 333
573 285
430 502
762 975
127 464
762 746
486 811
869 320
141 813
749 632
408 339
694 467
33 987
193 185
790 404
812 688
297 279
756 793
197 829
584 43
291 693
673 529
313 223
136 590
860 621
712 457
199 875
450 457
390 177
730 282
463 167
633 578
187 757
302 478
164 773
107 10
965 270
351 636
266 3
596 403
749 645
477 186
711 124
348 72
900 814
234 990
17 467
210 596
853 702
719 473
493 167
495 765
498 245
262 234
145 652
556 223
401 349
745 122
137 10
983 704
711 245
733 4
764 108
110 779
628 476
494 247
485 693
495 886
751 812
481 951
11 773
603 419
754 63
914 52
439 991
635 637
281 139
473 309
6 843
26 263
805 1
168 612
214 728
83 16
537 186
957 543
437 19
220 250
849 192
816 15
324 78
890 755
243 907
265 666
858 951
892 764
264 212
735 63
852 584
432 964
769 586
226 78
470 667
575 720
542 543
965 646
46 376
49 381
307 905
480 833
664 425
922 949
103 92
461 325
534 315
496 23
979 665
449 207
349 269
779 82
244 741
137 615
154 30
398 390
39 457
4 207
630 898
231 398
303 503
614 136
927 367
830 434
646 613
71 382
986 947
516 503
617 326
785 139
451 788
704 968
666 447
179 854
504 385
643 729
151 526
677 313
462 159
940 952
665 747
269 747
833 331
103 226
920 219
54 41
909 555
498 755
754 681
157 691
743 788
836 979
177 111
968 906
209 100
830 447
16 459
81 588
529 455
780 37
923 611
534 799
620 573
369 991
248 930
933 804
886 463
58 52
113 513
333 516
916 571
81 709
48 761
676 101
698 614
51 12
598 410
207 525
422 450
102 997
129 871
205 223
783 163
917 163
28 1
993 158
855 453
800 517
184 285
648 877
450 404
796 812
469 417
689 686
427 420
342 53
564 920
898 42
347 168
755 222
321 933
746 173
439 925
458 938
360 366
561 356
676 343
249 764
982 386
354 63
617 702
763 985
987 235
54 296
799 413
132 889
223 253
949 882
30 841
245 12
382 246
984 351
34 997
221 823
670 649
446 941
287 359
927 985
273 195
739 641
949 185
109 474
764 405
838 125
430 825
796 357
853 662
283 775
937 67
823 231
880 765
713 359
489 880
391 308
606 233
797 767
88 307
156 670
68 557
756 177
450 659
164 265
141 547
480 767
769 641
494 436
263 15
530 130
86 382
447 361
26 331
297 831
56 439
168 680
861 607
346 952
126 683
547 942
275 254
478 842
65 444
51 509
216 842
968 706
582 899
888 188
296 313
318 72
865 470
366 786
328 265
488 254
923 182
83 205
532 260
286 793
256 96
44 213
668 306
833 144
31 688
707 971
806 950
195 796
542 840
690 738
402 42
489 196
665 681
852 773
926 722
57 273
95 565
392 34
645 214
760 955
763 206
553 625
360 984
382 743
55 348
913 379
944 483
672 24
930 548
536 163
489 88
687 332
912 679
273 692
567 910
216 158
348 48
680 558
45 47
91 163
729 679
266 689
426 678
118 525
902 607
637 861
428 458
216 279
273 584
873 845
78 345
275 859
484 215
252 646
295 50
883 220
566 284
156 120
6 590
997 736
954 100
842 862
515 467
568 330
716 228
784 857
875 221
727 94
858 577
811 465
267 338
866 926
291 695
272 453
673 760
48 708
337 582
450 230
255 220
697 107
91 526
418 692
482 182
41 705
817 926
283 467
756 916
350 228
976 919
370 880
308 2
282 767
268 832
607 298
323 539
450 580
273 947
285 18
376 631
357 123
329 61
193 429
688 637
671 993
148 952
58 241
839 806
206 893
321 880
443 577
787 121
453 770
102 18
148 134
641 3
18 549
95 244
730 526
298 832
86 424
900 937
504 937
848 747
719 596
820 648
495 888
732 306
685 460
998 691
468 462
14 26
621 704
19 370
285 260
127 842
686 540
796 183
42 246
854 124
869 927
456 492
310 963
588 419
63 305
758 830
269 373
780 360
964 935
353 781
397 824
256 848
686 661
768 471
190 494
264 443
503 725
303 142
217 893
671 309
955 68
222 971
724 135
435 32
693 593
679 658
393 301
977 995
394 674
788 830
34 139
545 843
273 384
400 196
295 668
429 897
778 785
410 389
960 533
289 328
445 612
319 207
728 146
843 887
282 325
177 797
259 607
667 432
918 14
33 789
597 602
258 907
504 145
760 71
220 615
729 492
164 454
682 151
202 746
678 675
516 613
628 854
567 844
176 959
840 481
928 328
826 546
105 32
872 433
288 907
158 797
39 580
20 338
920 100
364 865
901 87
223 926
656 256
657 629
820 98
897 318
687 508
993 26
53 865
230 269
144 983
694 632
596 97
785 33
845 801
647 328
891 917
961 195
44 752
787 42
663 272
126 296
7 870
198 172
115 174
529 457
854 742
143 650
591 517
980 329
691 226
603 342
849 812
558 865
241 929
953 640
436 350
40 121
301 162
513 341
609 278
294 940
951 981
567 52
388 575
768 42
462 524
79 234
516 989
459 455
621 288
268 658
918 511
904 576
119 535
64 599
482 358
998 396
411 828
299 358
440 68
524 705
689 809
633 877
595 127
503 538
742 820
993 402
599 1000
919 224
184 529
700 823
748 571
414 991
739 522
92 940
707 718
177 489
961 571
37 186
503 659
319 838
902 930
599 892
332 777
984 703
41 76
29 776
583 130
934 882
839 56
316 15
646 186
601 938
150 248
35 32
114 325
193 618
631 292
573 610
807 777
884 243
476 943
634 68
319 959
212 79
470 603
960 467
654 949
84 833
781 761
729 76
629 892
67 600
700 18
865 351
860 7
139 210
629 74
952 993
704 662
258 841
41 89
182 28
244 677
508 198
733 316
226 485
918 69
121 957
694 324
262 667
809 836
456 681
738 367
848 10
330 313
41 210
373 683
214 101
183 559
893 426
722 544
278 796
56 683
961 826
639 775
837 265
391 673
212 213
368 955
110 165
944 364
374 211
412 503
744 976
348 976
489 198
623 686
865 485
340 334
758 93
56 575
83 449
821 149
74 629
862 150
299 976
51 645
16 624
556 80
865 606
959 204
389 88
354 804
701 619
468 88
301 914
516 802
590 751
183 104
37 575
972 35
242 684
421 686
765 459
341 168
401 219
544 756
175 401
920 518
371 47
940 204
138 748
771 395
926 40
683 282
595 169
177 181
880 567
990 964
776 217
590 993
385 66
660 42
87 409
534 869
224 643
375 287
358 643
614 569
204 176
522 980
364 128
522 751
773 333
281 130
781 453
79 181
915 682
120 707
211 71
918 687
45 533
746 580
815 185
858 821
856 223
11 885
102 249
984 408
784 54
703 883
813 526
701 56
923 923
21 297
802 633
494 480
26 146
153 187
485 697
172 200
139 23
994 574
672 523
56 254
732 308
30 790
934 937
404 708
247 7
417 647
753 367
164 201
95 367
749 891
769 577
889 642
672 644
875 478
911 926
930 939
952 698
759 532
41 23
555 244
808 424
379 18
260 555
461 316
297 888
856 357
418 131
748 760
612 899
32 324
159 365
183 722
104 200
651 598
871 830
761 204
752 650
136 152
807 845
259 488
23 211
448 912
909 75
513 75
895 140
349 381
531 129
192 663
343 832
546 666
403 617
119 858
733 492
576 545
958 610
405 663
966 959
312 206
780 954
830 317
971 27
246 791
175 322
194 335
92 324
484 848
281 748
630 902
179 966
895 153
363 787
526 27
108 39
369 43
756 489
472 730
503 43
475 964
654 212
769 953
497 494
120 507
712 153
268 405
746 969
510 204
23 574
308 972
738 556
289 464
581 84
746 151
919 79
236 574
315 867
276 158
802 433
876 382
716 164
373 993
316 459
727 30
677 438
558 975
7 872
277 467
967 685
934 508
617 801
920 573
684 333
646 41
885 323
479 867
288 104
185 649
529 459
735 564
845 924
452 175
209 225
123 939
176 277
200 405
184 397
865 795
459 107
101 362
6 768
288 454
183 172
128 236
758 403
491 59
106 477
243 711
535 102
699 173
374 413
654 696
420 529
332 645
459 457
120 762
887 409
49 64
245 942
315 183
647 693
966 409
76 840
57 598
492 755
641 60
298 889
110 838
793 868
889 576
999 707
732 363
682 771
735 109
792 414
465 248
382 250
932 128
569 76
629 881
529 943
221 827
937 997
753 422
525 6
141 309
96 832
127 899
763 63
281 319
626 997
643 412
454 247
660 581
679 594
51 271
579 656
104 363
36 902
177 612
774 602
140 959
195 666
299 494
32 379
830 359
744 844
613 132
346 17
475 427
86 615
848 938
516 199
144 556
87 22
983 308
518 245
965 705
184 894
748 707
839 300
319 264
494 790
614 892
813 18
221 143
999 962
240 156
773 885
355 897
295 846
5 747
65 798
757 382
643 546
858 205
995 439
814 364
991 963
645 326
342 554
194 390
502 277
923 536
928 614
583 616
406 983
51 755
121 33
300 35
291 215
265 980
466 970
901 144
937 555
278 919
973 20
978 327
713 847
787 796
854 557
840 659
436 44
198 926
944 716
863 791
720 971
66 218
668 323
967 848
714 439
530 618
505 36
54 100
785 319
28 865
293 116
757 745
996 273
8 398
947 88
470 163
453 519
267 100
241 865
172 765
982 82
679 273
777 616
969 786
974 635
242 686
316 635
779 396
583 750
709 337
122 769
459 391
547 275
772 622
841 227
409 570
734 101
395 406
362 229
339 474
86 65
177 183
668 686
704 343
736 820
734 222
863 107
111 768
928 990
466 407
292 520
8 761
971 579
76 895
616 122
896 405
548 890
615 651
231 954
344 831
731 45
22 780
67 65
428 7
550 936
452 364
185 20
713 176
143 23
571 995
734 464
151 143
51 205
799 593
178 17
701 58
97 846
692 238
585 112
834 816
397 815
461 76
41 951
507 421
851 2
94 548
776 353
46 477
1 734
128 546
876 705
626 5
232 603
691 888
942 241
446 303
625 305
387 662
65 382
495 195
985 59
453 198
945 660
790 786
328 203
135 562
735 69
33 551
88 487
734 598
421 138
990 295
539 359
95 382
67 549
86 562
731 300
719 963
600 783
218 681
149 847
557 147
906 301
89 796
694 381
377 445
485 244
905 601
196 141
178 501
49 616
71 146
869 126
621 24
122 340
610 131
959 19
331 450
950 199
630 783
779 317
710 483
569 507
266 735
302 163
949 499
1 989
403 740
907 502
972 897
315 627
414 606
42 963
689 545
37 619
350 850
556 955
330 612
239 982
643 843
421 730
696 440
112 160
26 874
494 979
258 214
650 738
478 217
404 39
189 114
557 281
712 155
106 345
837 564
37 740
147 117
391 743
821 556
582 45
377 808
119 284
592 733
878 861
75 214
916 564
594 284
57 345
967 795
310 525
881 728
783 156
205 216
666 574
922 500
587 281
848 322
839 731
715 695
695 457
860 790
464 332
9 920
389 158
67 107
105 399
480 276
917 277
889 444
247 977
555 864
190 177
720 931
219 649
217 576
905 159
492 515
698 620
552 300
722 977
868 277
124 762
499 410
839 744
507 5
252 947
641 759
873 99
319 708
90 885
346 811
470 123
296 990
671 113
406 596
874 701
79 238
120 993
198 418
822 282
288 348
785 400
177 480
108 646
259 290
121 585
429 701
214 776
420 881
778 360
900 57
982 621
46 182
920 938
247 172
791 824
216 593
54 531
615 827
618 115
788 755
256 894
994 860
942 175
57 950
778 481
46 303
891 129
63 472
684 819
500 244
568 644
807 889
731 113
540 545
3 606
994 752
204 596
906 114
388 942
245 139
840 285
468 642
924 656
874 835
491 774
274 776
334 827
802 932
697 650
618 357
411 27
600 717
359 362
636 145
204 488
897 940
928 253
368 825
855 943
944 463
421 422
178 435
436 959
453 374
71 80
7 553
1000 543
764 532
7 324
609 658
688 951
254 430
727 650
295 956
419 497
507 381
289 387
504 83
299 617
560 887
751 189
627 419
750 489
870 554
245 731
190 795
78 325
152 274
845 726
760 130
734 895
195 92
673 390
26 808
117 209
819 481
115 99
712 89
175 150
249 99
166 559
937 436
854 667
966 908
322 843
52 982
877 836
619 275
288 966
319 279
599 562
981 664
957 41
222 575
332 218
535 843
464 374
232 805
540 921
846 439
101 56
216 43
992 264
106 400
496 326
823 492
504 446
354 916
476 613
22 177
834 321
622 438
577 924
21 743
632 631
731 839
406 288
473 49
767 267
786 280
483 508
161 457
708 855
787 919
637 157
463 41
105 333
320 221
308 921
729 914
555 798
801 36
572 213
283 339
379 572
915 552
516 806
762 44
497 564
679 46
670 455
26 124
829 219
77 355
762 983
77 126
378 54
641 922
402 411
732 286
553 55
663 452
673 874
597 98
368 46
822 216
464 508
712 344
431 65
909 629
50 868
155 167
549 57
330 693
151 950
173 709
503 584
250 929
506 589
134 983
122 892
409 922
385 299
562 935
823 976
983 928
59 580
788 460
669 243
705 691
171 232
586 245
118 894
209 524
537 60
201 111
643 227
100 473
1000 235
647 871
807 823
788 581
311 656
562 9
928 66
606 52
281 255
57 776
60 256
970 477
51 436
729 122
863 351
973 748
30 84
482 659
237 599
366 484
634 235
405 412
314 782
773 579
331 197
121 653
943 990
542 417
244 723
307 779
384 474
790 896
599 133
2 143
482 780
879 187
399 782
923 230
267 599
924 603
855 769
299 551
206 323
147 911
30 97
477 557
348 672
584 885
823 413
634 248
135 793
606 415
699 377
834 13
911 233
235 916
305 194
329 551
681 185
843 772
370 323
213 605
120 377
53 387
650 606
89 798
717 367
810 595
717 138
572 952
829 837
749 319
102 737
367 25
826 310
5 804
485 246
724 262
316 208
935 711
665 850
481 275
439 544
594 152
21 556
403 621
934 486
700 319
172 688
842 668
754 555
807 152
780 958
200 383
556 18
948 542
15 337
750 557
438 965
875 966
738 668
600 209
127 514
130 31
585 611
492 383
965 78
342 853
956 783
340 514
68 55
64 350
224 339
294 812
316 571
522 676
930 501
33 219
897 324
341 106
365 463
184 388
700 682
898 963
445 163
636 697
276 391
271 47
648 522
111 812
372 624
124 751
353 345
325 512
843 209
559 450
163 450
812 859
930 622
369 60
508 633
921 802
425 864
258 458
607 117
651 160
945 112
845 928
688 456
765 639
567 166
646 984
369 181
506 415
616 58
43 425
590 823
180 925
906 800
555 48
276 633
694 880
807 757
306 246
3 474
636 121
132 884
875 174
625 228
410 74
626 867
743 220
930 46
706 338
119 770
124 885
939 51
531 751
166 64
37 179
966 642
28 130
943 924
998 631
910 747
43 896
276 646
675 880
804 765
296 295
236 15
370 15
628 539
111 249
622 990
319 952
737 711
243 139
179 420
987 822
794 464
436 719
816 186
852 405
377 260
616 542
738 10
371 711
352 203
668 180
995 309
843 706
91 842
686 722
875 658
419 378
214 912
160 383
633 78
607 843
574 666
209 16
882 553
491 897
926 825
508 83
771 951
62 491
711 671
650 661
230 75
672 945
340 206
947 884
653 437
102 563
909 134
881 301
50 144
638 314
285 684
663 78
668 422
384 663
527 217
549 730
141 676
681 132
774 848
493 835
144 681
684 137
212 556
513 255
336 622
905 779
280 956
165 740
729 553
402 158
618 951
659 723
351 378
328 623
959 197
983 554
914 720
391 679
983 325
583 849
344 338
168 112
641 561
527 688
52 166
998 310
525 615
645 680
843 961
225 94
125 910
395 505
856 900
942 903
739 86
919 956
963 962
622 669
814 610
542 151
645 572
158 979
428 803
326 792
553 983
326 563
372 679
353 400
857 162
191 338
941 570
608 626
195 228
888 680
893 795
368 156
280 43
111 988
689 736
128 174
391 813
449 983
320 115
985 734
503 465
685 213
869 788
336 59
217 633
859 100
709 570
220 113
411 647
354 113
693 333
285 242
846 575
615 642
45 526
848 621
823 39
892 398
960 44
571 986
115 706
276 809
431 188
73 480
496 583
34 0
741 350
677 860
42 349
355 580
635 863
19 365
160 75
247 229
288 526
513 873
177 658
774 648
359 406
39 199
457 712
149 596
870 127
751 930
185 24
897 984
460 229
410 371
181 548
336 193
943 871
800 822
225 591
165 311
464 873
137 478
698 811
221 886
706 406
513 994
976 1
714 1
664 409
912 245
134 180
810 463
667 414
314 784
603 658
28 427
998 928
745 253
354 597
830 297
333 16
472 360
540 723
471 889
719 725
842 536
952 933
694 143
778 780
454 656
225 833
638 248
127 261
509 363
724 22
849 431
2 37
604 371
628 957
480 830
497 245
672 1000
39 333
629 135
498 847
978 23
534 312
167 784
456 621
316 318
371 779
598 970
893 366
774 903
595 672
610 243
815 675
512 903
639 715
904 195
105 27
51 693
677 189
217 433
164 341
673 447
783 844
419 796
87 94
992 200
441 326
157 567
671 788
426 728
593 316
543 724
502 686
510 318
711 42
432 627
220 973
215 400
149 275
25 505
95 978
604 855
884 909
538 272
309 449
646 34
109 95
606 901
740 864
697 36
960 904
12 162
843 90
839 614
429 450
541 691
415 286
847 734
62 922
879 915
385 114
409 508
180 685
997 678
171 865
501 740
91 576
597 973
349 871
583 809
319 699
527 877
350 49
365 586
544 817
739 275
114 186
7 60
838 217
251 686
27 712
333 984
825 692
42 283
2 884
244 417
552 533
285 189
104 114
345 994
518 922
683 464
628 528
347 286
608 815
859 397
754 115
859 168
993 397
465 12
814 920
934 985
748 566
717 987
968 569
574 184
235 718
687 61
81 251
941 880
414 168
278 307
25 881
74 248
640 659
951 521
786 713
954 526
747 233
260 603
585 171
731 225
22 960
605 823
818 113
565 192
611 308
74 369
478 947
717 1000
992 939
469 898
11 20
525 241
716 775
287 598
834 996
824 308
139 205
92 130
498 552
107 667
547 939
616 544
22 34
657 316
710 179
679 829
44 318
641 308
849 486
541 370
164 154
174 842
857 835
184 69
212 316
112 903
32 614
11 33
659 483
869 64
855 129
874 142
889 945
139 447
400 488
6 332
804 83
487 901
996 253
160 506
275 493
588 953
170 965
808 956
555 547
718 16
723 131
241 845
24 93
855 250
172 745
249 211
488 493
671 843
344 448
927 540
299 971
237 93
729 784
285 807
388 262
732 35
436 976
508 327
403 799
609 904
463 32
157 514
891 738
495 738
32 748
820 40
919 19
24 335
762 35
939 900
89 989
326 673
405 966
817 910
182 399
784 733
416 337
13 627
839 440
116 45
720 977
995 916
33 47
411 636
579 220
317 974
651 96
446 859
231 705
564 851
237 456
528 928
707 405
880 333
30 651
410 118
644 56
217 743
19 233
525 630
43 590
506 351
795 225
571 746
442 861
588 161
15 528
137 225
598 583
610 445
357 228
439 38
565 931
155 50
17 574
449 985
3 410
398 939
597 102
743 156
736 934
328 880
271 346
703 757
950 634
895 698
975 169
185 13
14 131
640 822
748 392
612 760
918 803
706 395
945 640
298 829
370 180
549 182
287 182
121 644
942 113
248 190
984 753
528 473
676 408
132 244
832 884
830 57
78 947
217 59
936 978
199 419
108 826
925 65
653 360
83 244
148 373
74 195
500 532
362 827
804 943
632 193
293 727
697 588
315 486
246 652
673 194
227 373
557 19
870 479
180 69
727 696
441 73
308 483
242 129
115 842
261 142
882 718
723 173
539 352
971 9
95 604
515 961
527 261
654 73
174 668
337 137
110 912
230 11
256 966
741 486
111 319
212 371
840 465
446 309
69 322
211 671
973 994
610 942
145 317
926 882
1000 831
408 956
921 309
733 487
507 669
450 135
529 199
565 610
759 890
74 787
802 65
924 957
559 307
148 507
845 435
145 438
780 720
434 312
635 73
838 661
912 610
769 827
827 243
851 600
101 102
768 831
586 854
818 194
190 854
964 248
83 499
955 428
910 951
266 849
167 89
301 843
800 261
851 721
1 285
548 683
474 505
9 671
597 841
289 688
91 215
657 855
866 965
792 33
384 733
714 608
748 192
216 331
6 521
496 156
205 209
554 326
377 693
437 973
707 339
531 608
779 444
719 164
75 328
658 154
178 749
687 626
766 919
179 156
566 565
626 616
15 462
717 734
543 847
49 46
942 852
185 644
651 151
364 875
205 559
334 444
661 573
50 456
810 144
526 385
164 935
508 745
355 274
864 151
291 518
83 983
358 922
260 121
760 444
476 685
825 802
350 51
391 52
117 752
616 170
253 118
509 44
464 567
73 645
923 852
978 522
637 229
377 737
554 460
650 168
158 231
581 334
619 589
135 476
942 47
374 758
508 987
190 183
112 758
905 394
626 979
392 812
103 709
342 991
426 396
720 348
899 350
697 630
618 108
521 404
215 886
655 404
89 481
861 243
704 525
341 473
47 255
542 463
901 810
803 238
477 253
907 66
292 702
227 78
989 401
820 592
880 643
708 122
606 340
80 553
317 237
47 376
313 761
404 879
767 702
798 52
844 168
338 296
119 666
485 989
645 187
163 709
906 228
746 764
372 294
983 182
66 776
112 892
900 413
883 769
327 551
695 718
954 649
324 482
799 775
406 26
683 600
189 28
77 790
37 425
498 783
157 261
938 826
368 710
822 651
560 880
285 675
402 28
462 79
589 120
899 834
706 705
384 654
324 374
998 59
934 303
739 64
395 25
534 369
840 641
23 382
441 141
848 7
333 315
219 442
169 850
145 264
992 365
185 565
190 680
928 609
484 898
945 24
904 23
191 87
996 255
504 318
110 162
168 103
696 488
21 844
38 259
687 439
814 251
241 618
626 429
79 31
76 285
595 850
612 265
596 257
396 906
919 947
726 781
74 855
394 42
946 784
108 439
963 724
849 622
323 283
180 500
463 34
509 904
344 342
127 573
261 573
118 753
737 502
766 974
838 850
134 734
208 683
29 452
447 965
227 696
767 152
725 155
480 324
542 973
559 388
197 938
176 98
305 737
121 162
214 353
439 966
167 278
878 104
850 271
277 409
841 222
450 337
964 787
389 327
465 874
348 289
182 522
490 638
655 217
476 740
682 579
28 55
222 823
965 150
225 340
748 381
925 980
560 330
357 230
923 907
114 243
298 818
358 869
295 520
264 187
608 751
401 687
635 625
332 587
757 56
748 502
674 58
868 338
469 592
240 769
35 71
545 816
204 523
89 307
173 944
980 515
792 693
489 692
919 505
47 310
652 161
65 364
175 761
675 818
430 987
633 821
834 811
545 708
741 354
56 251
792 814
811 827
138 61
878 588
107 482
229 179
432 13
575 587
43 726
407 185
276 705
885 749
959 698
720 416
326 4
78 131
336 426
845 532
360 783
537 187
681 875
481 26
379 244
174 778
686 660
195 837
704 714
167 775
974 309
738 298
812 247
294 321
393 529
739 937
885 762
511 255
760 996
722 475
553 437
914 416
735 185
587 21
377 440
468 595
817 712
146 544
971 132
403 843
150 434
926 655
324 321
934 479
648 381
885 65
799 25
4 316
496 24
534 545
606 421
587 142
826 424
688 194
344 155
961 60
897 304
458 671
575 24
76 340
728 266
392 317
37 614
326 488
699 733
386 273
515 158
0 732
514 953
108 265
283 266
847 833
95 740
907 618
57 219
910 135
607 97
824 620
405 902
771 205
683 92
979 908
416 502
834 261
762 910
421 846
803 682
756 836
825 441
163 93
484 148
301 966
406 228
516 625
199 918
901 207
474 628
799 159
436 107
212 628
129 859
457 166
616 159
454 97
970 162
758 508
739 266
579 277
288 330
969 728
119 292
895 513
535 207
260 231
36 523
633 513
834 503
244 408
138 921
680 975
45 464
771 339
757 929
347 277
760 446
149 521
457 408
61 408
586 293
56 64
162 231
933 108
883 516
351 921
948 911
896 455
717 749
240 824
604 283
475 398
320 524
611 996
480 513
481 886
23 8
840 267
704 406
47 136
332 763
449 116
122 953
879 932
519 360
849 235
885 683
912 291
614 863
573 596
738 929
345 180
317 347
231 78
794 457
393 113
558 409
577 422
513 932
86 599
370 129
447 578
461 247
309 119
94 948
823 111
28 365
644 597
391 188
850 473
896 818
930 173
849 248
21 591
255 529
747 237
609 761
898 635
318 60
585 175
824 420
256 902
502 140
276 63
773 869
797 997
162 486
91 17
561 720
215 83
908 10
894 112
247 530
844 520
706 586
558 422
48 91
194 145
4 21
735 240
160 268
579 895
949 428
594 200
29 199
543 420
851 536
815 613
861 729
498 677
82 964
691 25
718 128
491 903
324 497
618 715
117 433
2 217
375 728
48 333
405 836
959 190
469 97
133 148
430 371
710 425
963 605
178 793
118 513
586 93
52 159
186 159
387 149
939 891
48 454
442 610
669 801
445 90
582 95
597 898
537 618
509 785
471 264
849 853
701 726
33 38
84 498
549 857
273 922
249 336
846 326
758 442
323 285
754 737
914 726
358 508
812 678
187 855
710 667
608 390
525 621
979 37
277 519
249 686
662 101
981 83
549 160
70 162
961 370
856 88
264 176
976 907
919 373
341 396
439 968
575 334
0 103
585 793
588 273
849 48
212 696
114 124
143 825
999 746
369 350
658 224
902 850
470 173
530 978
277 761
294 176
574 230
918 794
216 522
357 232
744 641
207 702
771 515
339 592
265 414
889 507
108 696
932 877
820 407
551 219
611 233
962 985
14 14
13 55
968 278
399 764
86 304
210 599
443 807
942 225
653 122
9 286
465 300
759 518
914 163
826 279
532 61
551 340
66 591
905 343
509 343
65 595
179 468
974 177
335 190
225 355
646 348
59 817
871 695
207 715
950 988
857 531
499 823
604 122
342 122
829 469
774 533
199 302
909 169
608 995
704 703
518 284
699 359
654 882
24 715
951 580
812 7
550 7
49 479
885 751
480 931
105 825
12 597
394 662
222 141
383 769
429 885
281 721
9 299
286 836
93 670
869 928
270 74
695 775
244 839
478 777
995 249
26 616
750 418
175 187
521 595
581 646
953 252
37 253
23 89
432 257
542 654
499 18
385 670
178 606
863 480
677 61
252 326
374 23
527 265
122 445
958 717
208 256
273 614
586 845
355 949
284 251
416 370
569 612
994 118
68 855
943 301
375 783
478 201
466 901
484 955
69 447
793 249
137 847
99 326
816 381
403 737
893 601
937 378
202 158
655 140
729 843
696 666
61 155
484 29
957 212
296 732
549 912
602 21
452 979
273 748
997 779
386 625
47 930
293 168
738 555
316 566
68 989
374 278
286 394
594 281
982 363
920 680
514 29
249 512
312 797
97 872
389 263
158 101
168 523
56 53
462 512
164 818
250 858
401 502
272 617
883 505
542 212
98 464
506 518
459 443
37 979
197 177
138 802
785 384
936 782
210 412
262 50
332 523
98 356
979 105
1 423
546 223
909 800
936 674
838 102
862 459
865 205
440 995
211 354
925 929
780 511
618 220
876 744
293 423
692 169
848 911
906 98
163 579
187 936
815 239
355 749
854 167
501 49
465 126
845 347
709 752
743 336
122 955
20 944
161 883
128 706
701 110
35 249
945 699
852 508
408 531
750 231
691 819
586 537
896 699
459 698
641 180
790 946
764 516
53 424
801 583
667 354
773 750
952 752
205 0
88 647
47 380
984 933
113 182
323 958
505 935
598 897
343 644
558 303
731 460
259 650
779 127
462 191
238 712
952 55
668 296
394 959
475 655
688 948
483 250
70 606
689 355
992 127
367 304
556 994
642 14
377 497
265 27
836 782
770 428
868 771
725 951
761 379
898 879
263 368
244 89
841 79
144 905
306 738
900 659
148 795
638 659
853 318
853 89
302 215
632 844
429 27
203 209
722 774
706 12
4 494
92 378
59 201
917 195
760 248
627 887
882 911
709 431
411 508
37 563
446 731
582 97
933 849
320 97
573 277
210 225
165 977
108 443
380 148
966 208
374 333
324 741
40 982
93 54
475 910
387 272
695 388
815 978
87 276
109 35
983 791
157 749
671 970
251 384
886 629
657 806
366 334
495 744
278 221
718 264
117 798
272 443
750 970
119 578
399 403
636 50
710 790
605 508
123 993
933 273
700 745
748 493
46 221
367 572
804 573
826 857
652 970
996 743
908 630
108 577
130 336
443 567
405 46
176 223
365 876
887 692
646 337
202 589
558 224
45 642
955 863
573 532
564 978
738 865
719 586
796 281
259 342
102 358
83 116
167 524
960 160
547 516
230 809
235 658
458 407
623 245
953 120
268 17
256 717
455 109
704 584
776 689
74 188
277 776
464 868
376 984
930 109
375 530
203 9
631 227
617 292
295 537
33 766
947 463
215 248
215 19
404 709
844 456
385 430
574 366
59 940
731 286
964 228
484 823
314 900
933 420
229 304
344 254
561 777
96 189
275 420
817 474
844 348
990 402
995 480
929 126
700 303
34 250
381 28
663 946
336 551
148 500
19 615
242 135
49 723
492 246
566 195
629 251
735 418
551 597
210 267
688 77
96 202
822 831
555 716
980 185
575 136
384 605
315 734
683 901
461 788
282 557
731 420
158 787
405 664
133 205
408 144
352 508
752 893
525 436
621 144
244 157
304 208
736 619
713 901
470 914
490 563
951 958
719 157
493 80
839 488
90 858
976 722
630 85
7 860
855 432
640 278
612 445
328 686
326 842
868 142
823 894
505 90
147 345
648 627
766 94
655 263
619 569
806 432
723 663
850 209
547 208
516 858
758 620
629 506
904 445
188 275
670 278
826 791
3 458
292 332
932 921
247 855
654 684
588 330
354 163
450 625
59 511
991 454
153 109
41 871
144 289
264 354
264 125
864 386
308 168
695 577
456 66
817 45
505 453
362 633
4 925
54 288
138 925
4 696
398 61
642 458
471 805
839 972
875 400
56 68
195 412
778 467
465 7
910 623
621 520
280 227
15 710
445 294
954 400
399 821
917 518
22 605
228 939
503 878
861 357
909 105
845 120
510 810
453 10
654 0
39 370
328 244
457 883
498 426
589 810
592 290
827 867
930 285
949 298
30 28
35 372
707 950
347 644
502 252
452 660
942 524
283 888
927 401
886 134
189 960
426 644
104 364
486 429
276 885
728 191
293 788
282 370
72 789
172 498
121 947
859 647
518 354
905 763
470 606
578 368
258 952
822 994
633 75
490 255
476 128
123 498
35 614
76 157
141 552
557 201
231 674
0 778
661 29
743 822
397 185
541 607
431 735
828 371
401 75
57 265
76 278
659 599
203 90
176 896
821 368
614 304
850 840
355 80
356 682
909 602
988 666
279 206
3 271
330 437
316 502
476 491
350 86
820 35
250 902
949 674
30 633
766 967
673 510
141 915
739 312
147 171
45 389
163 381
118 638
527 806
594 567
179 96
442 735
533 328
588 35
818 726
505 266
1 238
491 331
546 38
436 395
436 166
348 282
642 500
303 805
592 679
889 377
316 515
975 151
75 160
350 99
742 852
921 854
506 346
459 500
612 513
211 169
183 336
852 202
193 529
196 571
149 459
228 523
217 859
148 234
192 277
230 569
702 793
819 146
895 693
172 69
163 515
834 454
569 937
168 593
443 569
644 293
181 303
740 1
776 449
528 347
657 232
445 578
106 883
271 462
150 172
425 111
193 542
461 293
125 344
648 119
97 16
107 475
840 97
358 57
506 709
222 950
263 988
280 403
872 49
555 342
863 229
813 637
472 344
90 13
661 997
819 159
53 360
922 809
273 363
428 8
796 175
782 240
9 290
243 191
652 396
693 922
25 5
541 299
871 699
150 185
783 586
609 699
731 396
347 699
934 1
232 483
409 116
684 55
350 475
64 81
451 527
0 591
284 121
943 989
303 134
924 710
294 543
841 941
416 11
882 713
285 494
546 764
665 715
849 536
226 530
708 304
121 773
50 304
588 653
605 68
868 936
118 438
197 731
450 948
926 877
136 263
552 141
686 895
629 361
925 423
474 258
212 258
592 479
253 784
812 482
886 431
671 543
724 369
789 764
844 471
333 255
541 433
357 612
183 725
563 946
233 317
300 78
76 333
678 667
521 720
813 74
9 545
396 954
821 423
298 382
482 203
690 906
17 140
472 949
720 785
30 567
962 547
506 267
301 838
973 184
207 156
745 963
848 418
385 916
416 266
816 614
766 793
10 221
607 211
939 721
651 254
615 331
573 334
922 259
701 785
214 401
816 735
444 863
731 893
824 855
72 991
461 803
712 385
502 804
92 677
138 793
372 731
783 36
237 277
75 444
61 280
429 447
123 929
933 209
971 501
90 752
685 144
962 681
860 899
731 785
516 860
304 452
385 111
646 152
398 50
899 103
799 165
70 221
746 275
528 52
10 355
629 858
694 987
716 746
907 48
819 201
996 571
858 866
253 463
984 682
487 401
184 629
420 640
900 45
63 339
808 227
477 356
986 499
86 471
864 738
368 571
411 941
439 222
921 225
329 350
721 874
977 800
843 571
26 312
731 101
182 825
736 179
470 703
570 412
998 859
382 361
220 299
569 187
720 585
541 125
976 282
219 74
785 751
153 474
758 59
92 235
897 928
575 877
555 410
808 590
462 182
183 767
858 182
319 133
246 823
650 647
744 16
314 957
663 882
565 310
451 474
702 56
616 770
432 195
559 236
806 113
794 813
448 139
114 788
277 257
394 842
172 729
626 182
157 606
514 880
508 311
520 136
893 647
20 493
538 190
166 547
460 765
586 904
532 375
325 311
308 667
517 252
209 136
751 190
916 486
692 778
635 244
819 819
301 893
857 845
381 327
207 211
845 956
826 714
848 473
137 906
228 499
295 31
943 252
409 547
450 319
725 29
945 261
367 321
732 971
73 103
845 848
583 848
8 617
555 786
916 499
673 512
165 42
120 794
538 324
23 861
155 263
749 507
248 979
881 663
523 918
504 676
215 802
3 394
447 142
891 856
378 42
699 97
112 566
948 838
392 620
731 840
156 114
711 336
615 399
802 491
568 324
91 628
664 261
715 980
489 674
905 94
660 263
964 903
68 122
123 58
785 672
331 990
821 854
642 623
819 27
270 751
339 356
25 920
104 984
379 923
668 797
57 872
797 682
19 351
602 443
294 290
10 531
786 523
109 281
847 210
21 168
893 97
461 174
182 759
383 749
407 877
537 169
654 754
313 690
235 770
692 457
398 10
499 816
375 292
77 598
584 631
107 477
611 239
578 62
509 228
337 939
404 700
120 941
101 662
940 680
978 935
995 350
71 2
296 349
17 934
315 362
91 883
972 403
347 580
416 939
540 480
572 698
479 470
179 703
14 141
43 842
712 937
970 707
477 545
442 295
328 422
801 871
56 488
501 121
993 583
303 365
41 365
811 17
319 80
802 988
217 69
714 350
800 124
141 488
405 534
59 126
730 65
105 242
919 755
308 601
454 655
836 720
643 591
994 111
13 424
104 542
486 607
16 429
544 548
659 535
464 296
130 945
254 486
534 540
928 659
821 304
597 825
124 376
905 712
751 245
314 207
68 740
797 361
76 564
375 897
511 263
752 66
694 384
138 432
716 143
573 323
991 82
624 554
784 543
930 597
71 607
484 22
663 253
365 330
487 27
547 307
506 40
53 967
241 789
958 844
727 948
474 731
405 897
832 210
694 734
510 425
606 658
408 148
537 787
881 597
900 610
521 25
306 100
22 341
729 728
849 793
314 220
720 908
286 387
912 849
29 502
626 492
478 328
271 264
359 902
553 916
403 154
871 259
212 623
69 803
898 133
378 97
768 23
541 798
322 202
277 688
750 908
137 156
595 216
946 968
944 895
985 667
66 626
585 962
244 403
712 508
505 444
128 457
97 878
331 816
334 333
196 857
917 388
719 632
586 517
971 853
131 876
998 498
117 749
74 113
34 980
328 932
271 398
543 857
818 796
813 452
515 758
904 570
711 404
7 288
155 223
790 697
250 46
677 793
586 409
42 282
952 732
746 398
966 630
377 6
156 532
830 217
427 766
380 691
461 350
397 860
631 44
595 350
727 506
608 814
420 763
382 471
220 180
784 222
170 588
44 183
444 302
707 941
452 422
61 537
984 697
159 291
797 53
766 474
217 3
898 630
213 527
77 666
130 529
262 648
740 192
896 934
225 766
349 307
426 527
197 667
902 227
943 228
931 928
236 366
293 900
580 176
917 764
378 715
479 538
658 769
198 784
578 251
94 138
803 369
68 674
797 295
197 559
687 423
155 828
453 256
860 351
29 194
483 364
567 772
124 431
630 828
836 896
60 446
970 896
932 604
863 770
751 300
990 582
66 197
558 659
398 441
590 611
879 485
263 253
428 549
259 777
906 359
942 770
432 439
955 480
519 852
195 203
68 916
219 560
492 426
516 783
877 8
607 147
841 85
87 377
815 850
973 241
813 23
386 673
670 203
391 788
702 421
93 865
453 619
910 306
776 77
534 958
114 106
234 962
160 976
862 265
843 252
204 265
932 738
481 573
250 906
902 603
425 907
919 18
845 32
384 906
122 869
934 784
473 160
771 268
248 981
408 216
22 638
531 781
746 440
536 630
468 203
203 686
934 905
390 283
890 835
613 32
288 272
577 109
908 394
507 50
135 407
747 971
649 399
370 984
616 222
456 233
640 579
588 160
266 109
271 453
469 697
288 622
59 570
928 982
279 573
941 921
270 753
913 859
259 335
796 45
171 222
603 633
713 276
9 160
229 163
84 748
258 635
538 918
192 281
21 399
23 997
995 110
513 861
236 58
618 160
482 528
399 759
466 520
755 394
815 408
985 856
424 294
162 294
616 464
794 736
610 915
715 177
742 51
136 241
912 462
191 702
380 638
633 818
873 736
166 120
999 875
87 995
276 931
374 5
16 297
613 287
334 872
848 864
366 824
512 878
149 826
226 292
28 536
157 192
587 5
578 185
533 708
156 721
753 711
751 113
324 534
771 994
53 485
213 474
488 413
777 287
562 362
248 660
129 480
690 776
812 473
762 881
253 775
509 472
946 473
13 534
49 716
739 934
85 144
795 11
29 249
571 303
698 344
249 252
727 816
572 942
190 611
386 257
152 90
730 67
229 539
726 591
676 999
848 59
844 583
968 878
271 950
792 127
219 494
682 255
899 778
747 650
558 485
305 305
76 445
833 424
150 660
158 780
557 489
166 604
278 845
6 386
1 42
106 324
340 262
105 365
446 429
821 306
707 433
743 652
951 830
718 70
52 209
458 668
852 824
26 974
213 837
595 902
18 332
17 144
755 73
32 910
889 73
314 330
448 330
577 969
90 622
329 904
984 310
879 782
643 17
87 324
171 732
642 317
821 548
191 381
922 600
361 38
294 802
932 793
856 17
658 32
453 795
943 430
153 799
521 966
359 904
684 435
721 731
784 787
773 140
527 865
954 151
64 582
650 154
760 551
465 108
74 223
253 454
365 695
51 239
738 913
977 441
400 100
28 228
286 752
644 231
271 629
937 978
513 916
926 331
315 177
750 105
521 282
77 534
691 693
653 172
212 170
66 641
792 516
644 352
635 798
470 465
907 991
569 178
211 470
269 411
114 537
439 105
540 645
719 647
457 876
586 761
493 570
194 8
787 522
800 986
817 401
390 822
739 747
852 624
527 73
8 942
586 653
154 996
928 353
749 122
9 349
22 22
449 126
443 52
696 232
40 830
45 945
76 258
907 415
176 876
718 930
52 840
726 525
671 589
91 14
41 422
330 296
55 91
533 884
569 541
449 247
940 750
269 545
318 178
953 423
162 833
587 302
0 771
542 825
651 997
990 463
155 830
461 836
810 761
846 418
925 711
851 533
235 264
837 598
598 87
553 839
479 661
947 766
909 474
752 2
864 997
831 820
676 946
583 718
426 1000
803 721
963 710
75 19
435 325
536 377
291 546
938 128
117 430
506 205
447 830
956 936
684 248
135 972
582 200
231 680
45 261
348 33
262 784
382 849
509 890
738 713
779 485
583 610
710 651
476 484
407 613
145 613
503 92
733 783
236 502
122 629
934 544
230 428
748 125
722 890
183 87
529 495
670 205
615 269
83 674
661 385
335 629
378 33
536 619
178 911
746 200
151 808
319 621
257 975
355 315
468 192
924 206
81 749
478 385
464 487
607 270
137 92
629 554
472 82
799 211
477 160
336 975
826 839
210 570
783 203
554 151
848 369
540 216
242 788
966 324
135 167
453 742
635 490
690 160
340 572
510 495
871 437
475 208
284 677
738 847
807 452
595 44
880 671
677 608
534 34
398 927
219 696
318 675
454 270
951 322
194 868
548 871
202 463
169 286
735 963
7 224
702 786
774 396
72 124
89 293
820 512
369 576
295 398
245 52
673 987
960 34
60 235
987 625
794 496
524 635
352 114
178 227
467 101
18 763
269 345
469 699
749 753
590 171
237 807
894 848
704 458
468 447
640 931
638 104
767 743
316 53
693 565
552 589
123 412
780 453
921 163
513 863
805 217
903 523
969 325
341 756
928 58
919 504
826 47
781 799
98 769
244 594
252 418
134 170
526 923
829 695
669 477
326 340
462 938
157 302
317 291
9 175
919 625
635 866
936 40
24 941
910 805
547 753
449 410
974 295
583 410
720 644
959 926
425 238
53 595
511 12
48 251
617 408
359 409
691 882
424 538
551 579
33 882
336 654
248 541
597 695
984 875
891 647
522 292
871 934
981 577
236 423
714 233
838 528
783 592
626 120
755 759
378 772
309 184
837 303
185 377
713 762
367 125
207 136
294 778
633 15
724 362
674 770
495 310
613 531
453 313
580 354
544 431
84 187
566 190
912 598
958 714
92 307
653 603
451 654
284 477
22 211
836 724
668 359
16 433
348 906
976 475
590 668
72 971
139 732
409 364
142 249
689 647
163 79
443 362
892 188
379 606
324 670
649 201
542 75
444 735
695 317
318 367
461 904
824 727
95 29
601 426
945 199
878 963
886 787
994 357
452 37
407 789
302 507
402 445
319 676
608 550
682 499
787 27
847 832
879 784
507 912
629 609
486 35
436 214
568 370
408 152
394 217
96 560
517 553
302 399
264 107
613 786
269 976
52 224
561 330
19 47
313 265
929 497
690 215
560 371
887 271
823 781
596 324
269 158
711 45
504 735
638 735
946 851
273 48
13 912
715 918
200 509
657 159
877 199
409 619
276 733
543 848
918 725
852 371
274 394
895 741
839 846
778 341
831 433
831 204
468 152
15 813
748 435
717 856
987 680
761 108
544 110
26 184
779 687
512 572
116 343
355 625
391 282
162 459
653 53
229 220
131 880
676 680
673 934
222 998
745 285
235 937
911 25
371 340
147 824
343 507
386 877
174 469
617 221
311 703
70 348
345 287
677 797
536 821
923 35
718 569
421 282
106 944
539 274
706 451
136 298
895 875
366 760
925 229
548 242
286 996
186 829
798 161
333 290
930 280
147 837
692 637
728 65
122 255
177 716
903 591
323 16
820 822
873 685
484 644
341 824
126 899
201 521
108 64
290 778
598 894
183 652
305 349
954 529
219 80
2 311
475 760
57 18
12 770
915 49
595 596
873 806
676 935
349 540
242 414
927 288
911 280
393 354
967 589
447 819
796 707
842 823
176 770
308 660
812 422
643 879
173 435
603 19
90 437
764 876
750 712
516 545
731 470
612 253
557 317
278 902
713 830
446 715
331 728
854 540
551 768
950 248
220 897
292 19
440 900
11 494
486 787
195 86
324 725
530 830
351 599
818 479
744 264
670 86
74 964
549 25
148 913
14 684
578 497
476 715
643 892
696 718
181 43
26 923
299 264
629 664
1 341
157 854
735 602
432 793
124 677
721 667
31 220
535 19
91 271
540 97
366 210
438 86
806 253
539 892
250 789
150 851
809 258
920 732
414 897
482 506
771 380
711 100
637 151
688 611
96 736
867 613
289 636
242 790
433 92
861 273
467 908
30 641
933 149
203 798
444 924
387 390
562 916
546 154
530 146
609 439
913 850
820 393
715 865
286 688
840 79
778 396
117 916
382 167
280 385
46 218
951 324
180 972
63 158
500 159
789 33
133 631
766 278
475 331
213 102
600 511
765 807
223 524
696 973
405 272
787 337
533 686
868 676
183 573
395 752
945 630
64 881
783 568
731 149
490 989
433 226
111 175
479 342
346 981
754 52
695 640
51 538
944 149
696 47
799 697
442 167
8 878
875 692
433 347
782 235
575 925
181 769
895 112
234 632
401 809
644 530
270 60
743 509
289 73
60 250
946 343
913 166
734 460
725 640
714 222
934 225
966 931
501 114
919 627
382 422
877 630
913 287
896 643
677 47
141 710
917 931
292 879
760 984
727 807
395 68
537 417
399 187
385 777
151 610
476 178
880 2
302 25
701 525
291 361
585 579
714 235
461 772
6 377
873 753
553 546
518 525
65 728
691 187
976 585
214 33
403 952
888 472
217 304
626 243
538 359
846 475
823 528
881 469
807 254
435 382
209 305
853 141
873 56
338 715
850 72
136 500
827 354
507 901
987 77
491 139
312 662
350 954
606 651
535 182
994 467
618 890
747 775
269 736
98 329
180 893
510 310
436 95
1000 137
559 660
886 789
738 662
283 267
197 981
902 770
704 260
392 668
533 378
612 671
427 625
821 552
380 550
898 18
578 565
669 158
853 504
713 201
589 660
486 976
613 788
126 404
556 254
360 342
878 268
915 601
574 42
689 783
804 504
740 977
554 558
504 966
499 622
537 914
261 979
8 570
261 750
911 832
410 284
976 961
186 576
387 566
160 109
984 556
5 6
467 37
40 458
372 968
752 435
563 270
764 260
306 348
853 746
383 568
842 328
369 633
451 214
864 383
363 101
392 802
201 39
528 168
813 795
376 565
384 389
620 925
100 401
182 928
488 217
641 984
369 525
9 219
735 94
162 461
508 869
690 580
148 297
189 823
175 925
276 977
935 384
954 397
417 458
675 982
816 167
100 522
444 295
867 923
278 528
518 217
974 231
616 523
253 471
602 625
826 104
385 361
987 695
85 69
902 99
915 38
989 741
540 649
366 762
311 826
925 231
374 882
797 985
735 107
790 6
630 808
308 528
924 760
129 297
294 593
794 916
118 367
911 40
279 995
189 18
603 826
33 710
432 190
308 649
163 2
404 882
603 8
357 541
136 542
642 939
361 660
818 347
885 108
484 996
51 619
472 878
780 994
897 118
301 996
805 529
567 886
116 950
42 772
124 545
802 231
748 934
440 781
3 26
333 655
613 480
530 940
203 316
227 673
414 765
180 598
469 435
823 704
551 999
730 247
572 304
302 443
701 943
61 88
319 612
443 190
720 956
626 540
566 260
929 312
796 951
956 940
161 211
4 493
554 371
848 589
807 322
60 802
581 16
311 155
490 386
663 543
787 84
816 785
103 620
337 558
426 78
39 864
1000 84
284 668
215 797
58 96
42 88
140 394
570 207
79 384
635 373
671 30
461 974
194 630
252 46
716 446
193 405
652 956
394 166
58 446
619 513
297 499
770 911
388 617
135 171
167 618
594 685
869 661
82 510
235 523
320 567
260 287
521 328
177 518
41 923
259 328
80 585
190 228
47 408
465 167
247 210
495 46
100 685
212 926
637 395
241 395
609 562
953 106
600 742
884 272
906 31
550 921
966 570
286 582
984 624
743 269
612 752
388 41
524 868
706 616
207 703
380 860
807 927
70 405
826 159
527 240
599 116
939 450
471 870
634 339
228 883
135 655
630 863
878 699
647 278
286 824
575 698
542 750
905 573
564 280
244 827
27 304
168 14
949 350
462 3
472 462
766 414
934 227
175 175
108 939
512 763
629 116
345 357
909 399
424 650
59 0
225 706
624 186
49 709
539 573
357 596
43 140
557 361
268 258
204 768
788 1
417 997
66 16
489 119
444 605
664 645
870 713
92 419
185 381
4 306
229 653
358 538
8 425
41 373
863 710
402 86
737 76
612 310
199 666
667 771
235 323
245 782
114 33
637 74
564 764
932 665
154 371
765 259
429 310
685 7
52 94
241 784
180 774
92 661
823 880
362 256
408 372
735 538
97 510
201 833
798 823
476 772
242 605
569 734
961 292
297 312
89 97
44 620
123 913
952 243
458 903
709 485
948 767
547 194
521 959
846 490
782 734
730 544
26 162
578 675
256 395
784 780
770 616
145 793
88 259
434 667
33 94
362 269
991 440
210 629
722 23
770 737
391 152
864 372
726 142
318 842
846 732
712 503
651 493
694 863
501 734
788 498
521 383
927 842
605 791
545 511
956 82
553 106
336 337
102 170
90 870
673 925
310 873
561 455
960 201
795 393
15 696
230 621
968 550
785 614
568 616
296 157
144 288
956 203
89 352
214 761
859 499
195 519
52 699
603 573
900 271
330 155
478 578
593 565
421 44
469 758
232 522
227 178
736 284
414 270
815 348
138 106
258 925
184 747
924 520
538 979
505 573
169 358
950 923
888 45
628 872
136 181
554 694
91 704
194 122
309 109
70 352
572 748
928 346
28 355
910 972
592 168
148 420
230 984
233 235
431 479
828 115
119 887
819 332
246 699
134 229
576 574
397 868
135 831
919 913
162 705
64 133
621 990
165 710
657 418
693 866
404 992
156 890
531 279
30 256
150 587
346 233
62 474
408 882
604 528
714 171
837 470
658 993
565 536
80 787
652 690
476 235
44 541
794 810
608 354
21 823
491 772
945 942
582 890
323 370
350 998
88 769
559 354
674 829
495 598
751 295
49 777
159 420
530 821
714 413
538 416
568 295
644 842
253 957
643 883
60 562
495 719
130 69
913 478
424 21
503 314
355 187
589 354
25 312
181 34
277 496
865 703
679 247
102 909
83 667
843 126
526 190
218 37
434 601
833 835
794 355
288 254
45 496
427 561
716 435
284 778
196 436
980 481
154 668
792 430
971 661
250 901
742 609
570 88
19 214
392 725
29 673
340 794
104 29
238 29
427 682
293 224
678 35
504 673
811 564
864 427
24 450
934 900
423 684
268 810
276 671
837 967
59 673
95 101
67 268
731 19
108 794
757 974
466 273
894 720
182 743
254 94
281 227
57 748
814 956
363 37
671 153
390 399
587 913
95 222
67 160
213 214
810 204
490 751
870 218
378 281
777 27
245 166
928 159
565 107
762 392
879 977
767 507
535 386
55 944
738 974
77 703
908 860
545 808
243 177
575 687
131 939
850 626
115 931
970 691
579 577
785 911
804 924
964 913
310 123
623 354
163 864
3 646
703 54
186 996
346 985
341 641
84 985
946 455
894 36
147 775
687 231
150 292
967 514
857 642
862 986
15 67
182 998
806 862
331 303
854 344
988 344
592 344
33 646
726 573
564 282
514 690
913 170
770 350
747 632
527 134
208 354
562 357
856 575
636 306
350 703
460 346
4 66
859 580
468 695
795 824
239 835
294 542
720 650
618 639
136 599
869 221
174 891
272 2
404 121
452 835
859 930
676 994
275 650
555 704
467 591
255 937
580 468
58 837
629 360
6 381
918 234
152 435
890 401
353 196
368 999
523 607
820 76
945 192
587 255
363 776
793 589
105 252
292 78
484 248
696 427
122 798
318 481
53 964
282 558
749 667
372 717
890 414
861 90
322 78
21 904
863 136
684 430
202 390
205 661
138 671
799 151
852 14
17 610
609 256
3 217
335 690
699 149
2 746
855 662
179 150
253 99
464 548
151 51
111 918
257 218
73 397
362 271
50 679
3 567
667 318
88 382
699 270
740 42
525 908
626 960
253 220
103 919
406 462
612 567
758 621
386 749
582 395
284 967
283 742
584 441
484 503
630 557
652 87
304 572
665 514
651 616
307 806
656 731
408 629
134 97
750 329
540 519
157 229
877 555
175 808
684 914
818 914
197 301
439 329
205 916
697 624
265 930
316 932
166 170
923 149
319 937
895 50
215 62
528 522
244 763
160 126
863 512
216 701
31 655
763 281
264 597
317 460
490 122
10 717
528 414
104 581
49 416
797 50
305 113
816 63
408 763
857 818
84 114
586 998
586 769
395 6
793 281
79 709
5 723
82 714
49 766
758 997
197 664
54 881
797 171
594 71
852 632
967 582
461 710
170 9
405 586
759 818
611 654
196 183
471 122
705 60
314 138
623 893
359 820
543 412
488 476
918 289
735 582
367 186
322 938
611 775
900 649
611 546
955 356
239 903
657 662
471 243
908 244
22 151
555 651
863 767
38 132
170 251
175 366
617 482
1 213
474 662
446 600
638 770
55 449
858 773
770 431
365 611
978 316
463 136
45 148
86 149
838 13
489 539
539 656
194 850
53 911
211 36
885 475
601 716
362 205
576 134
154 670
118 747
830 724
778 268
236 739
208 906
115 678
5 52
156 450
137 208
703 848
543 896
882 96
271 208
105 670
380 609
163 611
583 968
784 958
27 750
66 678
732 273
919 365
993 314
126 463
888 786
98 630
313 326
276 673
904 730
744 512
7 219
26 232
494 337
595 389
72 348
812 912
839 786
173 925
333 914
231 112
883 792
809 614
506 576
318 791
454 157
896 502
271 450
522 32
290 463
579 566
407 45
744 633
496 568
675 799
678 50
306 407
591 805
145 984
79 630
781 673
51 302
128 751
816 105
399 985
857 402
953 110
350 571
127 4
541 287
959 800
343 568
145 58
238 286
596 748
81 531
981 330
86 646
339 826
623 356
122 74
939 333
493 741
705 920
572 805
501 107
358 287
179 810
420 936
124 120
399 59
476 50
701 397
814 274
590 529
208 235
650 580
452 595
221 174
350 584
737 993
881 220
210 15
280 754
867 56
780 811
90 364
682 10
511 357
755 754
586 945
493 754
919 862
809 990
850 991
382 657
564 634
848 164
550 241
371 764
142 941
800 352
915 339
841 124
189 198
479 940
427 255
666 537
124 254
886 540
710 580
753 950
677 174
286 23
783 829
841 245
576 765
70 893
796 768
727 934
876 239
974 774
247 711
13 544
849 779
178 611
355 244
301 947
282 668
767 188
376 303
763 712
510 532
479 953
419 673
670 255
537 894
697 129
614 360
239 971
22 219
75 82
632 902
613 660
742 545
766 902
456 151
234 75
822 245
529 666
190 971
969 938
138 781
124 617
191 378
624 674
913 548
613 781
52 219
795 492
617 900
799 382
183 150
394 333
576 81
53 40
218 107
792 608
775 964
781 715
263 789
15 687
629 846
579 500
381 744
114 171
110 695
287 99
278 508
763 28
423 862
784 87
882 393
18 813
546 215
819 310
246 448
628 513
125 158
240 108
400 97
591 631
484 505
157 110
410 290
411 929
929 626
467 43
78 985
711 403
532 926
122 8
791 103
42 510
584 564
391 169
162 346
437 285
203 872
289 121
662 403
500 341
357 521
949 167
324 344
931 793
664 678
549 462
339 652
823 442
551 508
286 991
24 762
517 106
916 111
869 36
686 817
273 419
689 105
429 932
718 806
587 57
432 183
924 874
459 811
445 876
999 1
603 1
482 943
48 422
172 717
282 360
263 118
982 34
86 714
653 761
455 288
245 478
496 60
394 12
905 753
583 702
225 765
808 820
159 411
104 475
632 594
356 430
997 463
147 27
630 935
187 594
916 474
269 892
678 831
236 486
728 194
365 371
304 361
202 84
553 836
262 889
372 532
917 66
652 586
927 525
672 235
200 425
764 992
585 761
492 304
763 767
190 905
628 313
905 887
655 187
569 901
366 84
374 433
558 779
272 422
487 81
679 251
359 835
152 734
940 63
408 202
77 331
724 667
658 313
42 81
873 9
613 836
38 376
56 918
18 626
109 27
97 690
587 554
344 796
600 493
550 672
875 203
164 865
616 208
165 272
423 796
192 146
276 783
230 438
935 190
9 964
716 560
141 329
688 727
683 383
110 750
966 442
787 211
947 200
620 34
740 99
179 328
327 226
239 113
211 280
598 689
756 80
620 973
353 629
315 108
738 965
994 891
908 622
495 978
218 175
809 845
709 907
828 858
597 437
392 971
855 732
891 389
483 860
863 327
920 861
629 914
463 622
741 566
722 324
856 324
498 579
83 337
181 643
721 99
881 88
944 373
156 586
362 691
315 350
746 802
763 217
284 219
671 399
946 338
762 517
662 579
104 517
902 268
904 866
623 587
786 56
268 130
586 705
331 415
391 466
974 521
299 877
757 294
605 166
519 880
211 535
684 984
843 977
790 885
855 48
549 530
493 864
262 702
105 230
514 923
951 695
971 115
389 928
370 420
263 294
282 307
669 716
423 17
438 820
126 962
938 59
926 759
403 718
26 960
100 946
122 439
846 470
116 890
441 421
802 171
253 895
807 249
280 998
22 208
691 74
250 826
305 533
365 547
926 880
962 537
602 231
183 18
890 405
582 23
568 125
191 138
314 208
79 311
676 301
538 596
137 23
216 316
433 839
720 78
918 359
441 663
83 955
215 616
127 732
550 835
457 378
407 786
200 493
281 152
360 445
286 267
277 676
561 206
483 552
981 11
530 75
702 596
788 599
946 956
710 945
113 726
144 39
971 720
80 283
269 973
850 201
459 545
225 378
891 202
5 109
19 44
82 329
515 854
418 958
172 222
605 784
856 366
228 568
613 904
965 538
203 740
373 397
82 450
925 910
725 556
854 966
224 799
17 506
428 40
163 560
624 918
223 574
708 94
536 805
300 794
828 913
198 517
437 45
98 579
757 215
836 279
593 558
390 458
166 979
763 969
967 210
301 386
296 42
848 784
306 464
256 872
414 263
163 681
111 225
56 289
157 341
391 279
336 343
895 41
709 854
262 394
599 982
322 445
459 679
423 985
426 273
656 964
128 579
931 903
58 749
778 580
738 215
574 521
238 343
978 870
381 880
346 105
205 920
805 390
617 339
920 111
223 937
515 62
248 472
449 233
564 220
151 539
59 987
520 113
334 926
356 190
479 755
400 233
965 914
757 470
354 760
173 419
579 878
902 565
183 649
202 891
692 755
843 924
43 80
483 352
507 709
758 62
427 191
289 486
574 884
508 301
668 290
654 355
404 180
650 650
607 14
20 483
521 765
288 5
725 6
644 835
36 427
99 483
868 994
136 779
748 111
39 617
851 532
128 137
331 725
45 368
838 4
430 704
196 537
903 133
638 653
335 615
858 656
765 199
178 668
993 63
76 620
34 889
239 89
722 768
548 844
129 897
418 771
31 325
366 315
994 409
140 497
663 309
544 846
337 782
84 373
235 505
954 192
166 671
799 318
375 256
564 946
633 551
108 666
600 374
127 679
438 312
572 312
892 482
176 312
599 903
597 76
893 892
681 484
963 133
992 605
771 377
955 952
886 852
581 253
328 36
853 675
452 331
80 459
919 477
217 959
150 969
508 677
993 197
943 605
566 618
464 836
299 274
557 798
1 580
491 444
782 916
501 903
860 18
884 375
182 857
283 680
773 315
385 398
496 909
747 262
802 952
413 911
67 503
488 38
424 511
167 855
520 973
881 198
793 85
626 911
872 149
321 46
608 39
379 216
274 459
427 701
585 92
259 565
88 454
167 747
50 162
702 88
308 457
605 155
256 1
316 52
756 95
515 935
339 938
994 906
722 447
918 93
741 460
410 589
699 463
322 742
606 272
179 693
392 986
753 928
677 152
118 188
300 165
780 802
286 1
642 868
427 943
628 933
920 287
474 466
923 329
345 352
307 60
119 9
788 104
79 876
377 304
836 818
242 345
10 776
748 742
899 874
183 704
780 694
1000 926
57 299
131 248
631 571
87 178
689 512
61 943
190 599
933 643
845 759
231 371
643 810
853 354
710 571
913 405
335 428
806 50
150 648
401 1
750 643
493 987
264 898
651 112
176 822
441 302
307 73
205 62
554 179
251 407
757 538
22 318
440 831
393 527
954 823
603 71
725 1000
525 646
967 762
557 598
956 869
405 995
945 185
716 362
248 782
380 184
378 74
237 135
27 554
412 890
393 648
954 944
24 256
141 841
700 539
939 821
846 593
763 824
823 646
642 305
303 839
683 77
201 828
581 295
743 882
113 715
624 665
132 728
724 603
164 909
200 603
819 877
442 890
997 883
372 831
895 606
191 261
256 619
206 798
806 534
159 952
756 713
85 508
723 536
998 475
76 688
767 542
670 380
129 965
110 686
741 31
350 375
345 31
104 908
424 95
850 203
743 77
610 716
174 563
532 796
339 630
91 565
958 379
8 796
958 150
182 683
985 778
715 917
303 155
979 438
277 920
506 514
459 668
220 157
333 34
904 789
250 265
515 748
558 152
477 227
442 206
488 93
283 627
522 909
200 858
219 871
728 977
286 632
812 153
456 289
165 571
354 278
775 271
384 386
568 961
843 671
356 58
177 581
634 268
897 907
878 628
38 917
883 972
616 399
98 702
404 974
371 568
290 872
436 926
90 289
549 574
530 332
492 40
17 750
22 828
493 679
591 985
413 161
850 687
705 40
986 733
967 454
246 694
29 171
208 173
461 353
937 282
873 792
730 218
928 462
864 972
210 182
822 975
760 97
373 654
8 4
853 59
434 341
609 867
320 764
216 118
873 684
570 875
625 582
45 7
532 354
575 990
270 125
471 115
168 77
385 600
484 54
140 15
971 172
323 365
636 596
679 0
350 993
749 244
518 577
867 465
160 603
485 171
349 768
137 885
696 583
33 10
654 357
561 129
371 5
451 937
174 134
212 426
699 773
93 963
447 0
311 139
567 65
333 652
352 665
80 206
420 311
332 427
543 647
689 701
240 609
226 711
898 57
330 768
817 886
75 249
674 837
104 950
720 953
140 378
90 786
21 952
833 830
929 309
48 560
571 601
736 668
840 991
694 671
914 940
895 661
143 797
260 150
40 147
480 190
218 153
672 360
407 843
374 666
971 656
508 666
995 784
599 784
456 210
924 315
198 211
459 252
290 443
78 789
670 435
133 496
565 907
207 445
334 486
788 427
688 489
158 260
922 656
807 440
41 907
187 961
746 430
333 786
682 674
157 35
556 306
198 332
98 394
772 604
202 451
78 910
935 73
771 608
821 954
760 715
58 443
639 196
951 431
786 852
404 558
87 622
226 966
730 728
661 857
158 273
433 212
591 798
923 76
622 902
52 520
60 115
450 795
343 669
293 811
931 839
70 510
777 143
61 690
345 220
138 156
212 105
895 98
14 349
982 777
299 518
132 341
13 161
390 636
351 156
177 757
736 226
567 683
908 747
553 519
534 277
312 164
429 749
336 521
737 865
792 801
740 116
184 918
182 54
443 95
789 503
161 934
173 5
541 172
380 978
688 865
209 867
596 44
446 514
391 578
947 567
952 911
694 121
181 768
33 641
363 516
960 506
344 237
974 404
891 635
710 331
435 126
734 688
472 688
649 55
847 336
866 578
838 745
764 567
515 240
978 1
661 294
41 586
330 460
922 106
965 742
946 463
932 299
233 527
477 887
879 638
459 52
259 930
629 463
359 639
510 283
653 820
670 235
75 880
773 922
248 771
614 111
472 930
439 753
704 4
241 768
874 415
497 465
874 186
428 594
617 530
460 812
54 124
873 981
403 12
301 1
430 411
946 705
46 943
528 946
13 537
897 291
477 900
907 484
139 841
698 347
534 653
568 466
680 707
759 1000
40 81
99 661
990 869
976 705
384 830
318 476
681 299
674 74
307 546
725 305
436 202
642 536
279 484
210 613
537 779
141 25
172 92
886 667
908 426
622 823
863 949
116 197
314 212
11 440
131 505
929 485
411 559
505 194
343 132
78 615
964 708
241 84
631 10
603 436
718 423
575 603
998 706
602 477
235 683
598 506
128 328
725 318
386 852
372 954
7 38
967 80
287 92
8 677
283 616
667 84
641 849
635 546
29 965
132 154
588 205
987 668
510 780
109 436
641 31
238 321
403 388
111 216
878 617
709 845
809 554
571 911
335 109
868 609
990 306
598 748
417 444
68 290
876 729
549 334
139 170
773 493
594 979
611 165
826 90
220 280
882 628
44 283
794 552
379 273
902 85
315 517
298 873
609 735
697 619
177 583
484 740
699 399
220 401
478 925
299 694
354 401
101 938
770 279
902 206
394 931
769 845
103 230
259 743
572 974
204 578
806 912
116 465
372 391
625 571
391 404
840 496
456 762
382 584
929 982
982 845
968 910
445 869
321 345
794 794
159 283
68 653
233 232
219 297
816 287
885 912
246 925
838 571
912 520
7 414
277 9
521 635
120 291
727 969
483 114
870 523
801 918
856 625
4 345
773 856
18 14
410 767
859 630
353 4
542 694
93 602
822 748
247 517
550 289
80 74
563 982
40 941
857 934
236 358
356 423
232 882
177 946
540 998
562 528
601 456
410 888
821 230
387 941
110 138
183 882
417 820
668 402
131 426
79 7
189 138
598 77
716 298
234 820
917 59
480 58
848 225
790 18
354 885
373 898
710 520
283 187
443 176
627 751
99 366
508 305
819 921
84 243
87 477
87 248
472 59
656 405
959 177
205 469
587 305
158 128
294 955
46 890
756 757
572 182
467 654
687 657
426 64
532 719
821 593
